Case		Given		Predicted
 No		Class		Class

   1		1               1               [0.84]
   2		1               1               [0.98]
   3		1               1               [0.92]
   4		1               1               [0.97]
   5		1               1               [0.92]
   6		1               0               [0.96]
   7		1               1               [0.96]
   8		1               0               [0.75]
   9		1               0               [0.95]
  10		1               1               [0.94]
  11		1               1               [0.98]
  12		1               1               [0.87]
  13		1               1               [0.97]
  14		1               1               [0.97]
  15		1               1               [0.97]
  16		1               1               [0.90]
  17		1               1               [0.98]
  18		1               1               [0.97]
  19		1               1               [0.95]
  20		1               0               [0.75]
  21		1               1               [0.85]
  22		1               0               [0.95]
  23		1               1               [0.90]
  24		1               1               [0.97]
  25		1               1               [0.97]
  26		1               0               [0.99]
  27		1               0               [0.93]
  28		1               0               [0.95]
  29		1               1               [0.95]
  30		1               0               [0.95]
  31		1               0               [0.75]
  32		1               0               [0.94]
  33		1               1               [0.94]
  34		1               1               [0.95]
  35		1               0               [0.93]
  36		1               1               [0.97]
  37		1               1               [0.97]
  38		1               0               [0.75]
  39		1               1               [0.95]
  40		1               0               [0.96]
  41		1               0               [0.98]
  42		1               1               [0.98]
  43		1               1               [0.96]
  44		1               1               [0.85]
  45		1               1               [0.96]
  46		1               1               [0.98]
  47		1               1               [0.96]
  48		1               1               [0.97]
  49		1               0               [0.93]
  50		1               1               [0.97]
  51		1               1               [0.87]
  52		1               1               [0.95]
  53		1               0               [0.92]
  54		1               1               [0.98]
  55		1               1               [0.90]
  56		1               0               [0.98]
  57		1               0               [0.96]
  58		1               1               [0.99]
  59		1               1               [0.97]
  60		1               0               [0.97]
  61		1               0               [0.95]
  62		1               0               [0.98]
  63		1               1               [0.95]
  64		1               1               [0.92]
  65		1               1               [0.95]
  66		1               1               [0.95]
  67		1               0               [0.93]
  68		1               0               [0.94]
  69		1               0               [0.94]
  70		1               1               [0.97]
  71		1               1               [0.95]
  72		1               1               [0.84]
  73		1               1               [0.95]
  74		1               1               [0.98]
  75		1               0               [0.96]
  76		1               0               [0.94]
  77		1               1               [0.94]
  78		1               0               [0.94]
  79		1               1               [0.97]
  80		1               1               [0.98]
  81		1               1               [0.99]
  82		1               0               [0.93]
  83		1               0               [0.94]
  84		1               0               [0.93]
  85		1               1               [0.98]
  86		1               1               [0.88]
  87		1               1               [0.97]
  88		1               1               [0.96]
  89		1               1               [0.88]
  90		1               1               [0.91]
  91		1               1               [0.98]
  92		1               0               [0.99]
  93		1               1               [0.90]
  94		1               1               [0.97]
  95		1               1               [0.85]
  96		1               0               [0.95]
  97		1               0               [0.94]
  98		1               0               [0.85]
  99		1               1               [0.94]
 100		1               1               [0.97]
 101		1               0               [0.96]
 102		1               1               [0.86]
 103		1               0               [0.92]
 104		1               1               [0.95]
 105		1               1               [0.96]
 106		1               1               [0.97]
 107		1               1               [0.99]
 108		1               1               [0.76]
 109		1               1               [0.86]
 110		1               0               [0.94]
 111		1               1               [0.91]
 112		1               1               [0.98]
 113		1               0               [0.97]
 114		1               0               [0.93]
 115		1               0               [0.97]
 116		1               0               [0.75]
 117		1               0               [0.98]
 118		1               0               [0.97]
 119		1               0               [0.91]
 120		1               1               [0.91]
 121		1               0               [0.98]
 122		1               0               [0.93]
 123		1               1               [0.97]
 124		1               1               [0.95]
 125		1               0               [0.98]
 126		1               0               [0.97]
 127		1               0               [0.95]
 128		1               1               [0.95]
 129		1               1               [0.93]
 130		1               1               [0.88]
 131		1               0               [0.97]
 132		1               0               [0.98]
 133		1               0               [0.97]
 134		1               1               [0.95]
 135		1               1               [0.95]
 136		1               1               [0.82]
 137		1               1               [0.94]
 138		1               0               [0.97]
 139		1               1               [0.78]
 140		1               1               [0.91]
 141		1               0               [0.96]
 142		1               1               [0.97]
 143		1               0               [0.97]
 144		1               0               [0.90]
 145		1               0               [0.94]
 146		1               1               [0.86]
 147		1               1               [0.86]
 148		1               1               [0.97]
 149		1               1               [0.95]
 150		1               0               [0.94]
 151		1               1               [0.97]
 152		1               0               [0.98]
 153		1               0               [0.91]
 154		1               1               [0.98]
 155		1               1               [0.98]
 156		1               0               [0.85]
 157		1               0               [0.97]
 158		1               0               [0.90]
 159		1               1               [0.97]
 160		1               0               [0.90]
 161		1               1               [0.96]
 162		1               1               [0.98]
 163		1               1               [0.79]
 164		1               0               [0.93]
 165		1               1               [0.96]
 166		1               1               [0.84]
 167		1               1               [0.96]
 168		1               0               [0.97]
 169		1               0               [0.97]
 170		1               0               [0.94]
 171		1               1               [0.78]
 172		1               0               [0.98]
 173		1               1               [0.97]
 174		1               1               [0.94]
 175		1               1               [0.95]
 176		1               1               [0.98]
 177		1               1               [0.98]
 178		1               1               [0.91]
 179		1               1               [0.88]
 180		1               1               [0.99]
 181		1               0               [0.95]
 182		1               1               [0.86]
 183		1               1               [0.78]
 184		1               0               [0.98]
 185		1               1               [0.97]
 186		1               1               [0.91]
 187		1               1               [0.98]
 188		1               0               [0.97]
 189		1               0               [0.95]
 190		1               1               [0.95]
 191		1               0               [0.96]
 192		1               0               [0.97]
 193		1               1               [0.96]
 194		1               0               [0.99]
 195		1               1               [0.95]
 196		1               0               [0.98]
 197		1               1               [0.99]
 198		1               1               [0.86]
 199		1               0               [0.96]
 200		1               1               [0.91]
 201		1               1               [0.93]
 202		1               0               [0.97]
 203		1               1               [0.97]
 204		1               0               [0.94]
 205		1               1               [0.99]
 206		1               1               [0.82]
 207		1               1               [0.96]
 208		1               0               [0.96]
 209		1               0               [0.94]
 210		1               1               [0.94]
 211		1               0               [0.95]
 212		1               1               [0.97]
 213		1               0               [0.96]
 214		1               1               [0.79]
 215		1               1               [0.98]
 216		1               1               [0.96]
 217		1               0               [0.99]
 218		1               1               [0.98]
 219		1               1               [0.97]
 220		1               1               [0.97]
 221		1               0               [0.96]
 222		1               1               [0.97]
 223		1               0               [0.95]
 224		1               1               [0.94]
 225		1               1               [0.95]
 226		1               1               [0.94]
 227		1               1               [0.96]
 228		1               1               [0.98]
 229		1               0               [0.97]
 230		1               1               [0.96]
 231		1               1               [0.78]
 232		1               1               [0.97]
 233		1               0               [0.80]
 234		1               1               [0.97]
 235		1               1               [0.85]
 236		1               1               [0.87]
 237		1               1               [0.96]
 238		1               1               [0.97]
 239		1               1               [0.98]
 240		1               1               [0.97]
 241		1               1               [0.98]
 242		1               0               [0.99]
 243		1               1               [0.97]
 244		1               1               [0.98]
 245		1               1               [0.78]
 246		1               0               [0.98]
 247		1               1               [0.96]
 248		1               1               [0.95]
 249		1               1               [0.99]
 250		1               1               [0.97]
 251		1               1               [0.84]
 252		1               1               [0.96]
 253		1               1               [0.84]
 254		1               1               [0.97]
 255		1               1               [0.95]
 256		1               1               [0.98]
 257		1               0               [0.94]
 258		1               0               [0.98]
 259		1               0               [0.96]
 260		1               1               [0.97]
 261		1               1               [0.91]
 262		1               1               [0.92]
 263		1               1               [0.97]
 264		1               0               [0.95]
 265		1               1               [0.94]
 266		1               0               [0.97]
 267		1               1               [0.97]
 268		1               1               [0.98]
 269		1               1               [0.97]
 270		1               0               [0.98]
 271		1               0               [0.93]
 272		1               1               [0.84]
 273		1               0               [0.98]
 274		1               1               [0.99]
 275		1               0               [0.98]
 276		1               1               [0.98]
 277		1               1               [0.76]
 278		1               0               [0.98]
 279		1               1               [0.91]
 280		1               1               [0.95]
 281		1               1               [0.95]
 282		1               1               [0.97]
 283		1               1               [0.98]
 284		1               1               [0.94]
 285		1               1               [0.88]
 286		1               1               [0.96]
 287		1               1               [0.97]
 288		1               0               [0.98]
 289		1               1               [0.92]
 290		1               1               [0.98]
 291		1               1               [0.76]
 292		1               0               [0.96]
 293		1               1               [0.92]
 294		1               1               [0.78]
 295		1               1               [0.97]
 296		1               1               [0.86]
 297		1               1               [0.88]
 298		1               1               [0.99]
 299		1               1               [0.95]
 300		1               1               [0.97]
 301		1               1               [0.97]
 302		1               1               [0.78]
 303		1               1               [0.98]
 304		1               1               [0.97]
 305		1               0               [0.95]
 306		1               1               [0.86]
 307		1               1               [0.96]
 308		1               1               [0.97]
 309		1               0               [0.97]
 310		1               1               [0.97]
 311		1               1               [0.88]
 312		1               0               [0.96]
 313		1               1               [0.97]
 314		1               1               [0.84]
 315		1               0               [0.92]
 316		1               1               [0.97]
 317		1               1               [0.94]
 318		1               1               [0.97]
 319		1               1               [0.94]
 320		1               0               [0.98]
 321		1               1               [0.97]
 322		1               1               [0.91]
 323		1               0               [0.96]
 324		1               0               [0.97]
 325		1               0               [0.78]
 326		1               0               [0.92]
 327		1               1               [0.76]
 328		1               1               [0.92]
 329		1               0               [0.87]
 330		1               1               [0.94]
 331		1               0               [0.95]
 332		1               0               [0.90]
 333		1               1               [0.92]
 334		1               0               [0.95]
 335		1               0               [0.91]
 336		1               0               [0.94]
 337		1               1               [0.98]
 338		1               1               [0.97]
 339		1               1               [0.84]
 340		1               0               [0.94]
 341		1               1               [0.98]
 342		1               0               [0.98]
 343		1               1               [0.97]
 344		1               1               [0.98]
 345		1               0               [0.94]
 346		1               1               [0.97]
 347		1               0               [0.94]
 348		1               0               [0.90]
 349		1               1               [0.98]
 350		1               0               [0.93]
 351		1               0               [0.98]
 352		1               1               [0.97]
 353		1               1               [0.98]
 354		1               0               [0.96]
 355		1               1               [0.93]
 356		0               0               [0.97]
 357		0               1               [0.97]
 358		0               1               [0.97]
 359		0               1               [0.96]
 360		0               0               [0.97]
 361		0               1               [0.97]
 362		0               0               [0.99]
 363		0               0               [0.92]
 364		0               0               [0.97]
 365		0               1               [0.97]
 366		0               1               [0.97]
 367		0               1               [0.98]
 368		0               1               [0.97]
 369		0               0               [0.97]
 370		0               0               [0.97]
 371		0               0               [0.93]
 372		0               0               [0.96]
 373		0               1               [0.95]
 374		0               0               [0.96]
 375		0               1               [0.98]
 376		0               0               [0.91]
 377		0               0               [0.95]
 378		0               0               [0.93]
 379		0               0               [0.97]
 380		0               1               [0.97]
 381		0               0               [0.97]
 382		0               0               [0.94]
 383		0               0               [0.98]
 384		0               1               [0.96]
 385		0               0               [0.97]
 386		0               0               [0.94]
 387		0               1               [0.82]
 388		0               1               [0.82]
 389		0               0               [0.68]
 390		0               0               [0.98]
 391		0               1               [0.95]
 392		0               1               [0.82]
 393		0               0               [0.95]
 394		0               0               [0.96]
 395		0               0               [0.98]
 396		0               1               [0.94]
 397		0               0               [0.97]
 398		0               1               [0.95]
 399		0               0               [0.98]
 400		0               0               [0.96]
 401		0               0               [0.75]
 402		0               0               [0.96]
 403		0               0               [0.97]
 404		0               0               [0.95]
 405		0               0               [0.96]
 406		0               0               [0.94]
 407		0               0               [0.98]
 408		0               0               [0.97]
 409		0               0               [0.98]
 410		0               0               [0.97]
 411		0               1               [0.95]
 412		0               0               [0.97]
 413		0               0               [0.98]
 414		0               0               [0.94]
 415		0               0               [0.95]
 416		0               0               [0.99]
 417		0               0               [0.95]
 418		0               0               [0.94]
 419		0               0               [0.98]
 420		0               0               [0.98]
 421		0               0               [0.85]
 422		0               0               [0.75]
 423		0               0               [0.75]
 424		0               0               [0.96]
 425		0               0               [0.95]
 426		0               0               [0.94]
 427		0               0               [0.95]
 428		0               0               [0.96]
 429		0               0               [0.94]
 430		0               0               [0.68]
 431		0               0               [0.96]
 432		0               0               [0.98]
 433		0               0               [0.97]
 434		0               0               [0.98]
 435		0               0               [0.73]
 436		0               0               [0.97]
 437		0               1               [0.97]
 438		0               0               [0.98]
 439		0               0               [0.97]
 440		0               0               [0.97]
 441		0               0               [0.96]
 442		0               0               [0.98]
 443		0               0               [1.00]
 444		0               0               [0.94]
 445		0               0               [0.98]
 446		0               0               [0.93]
 447		0               1               [0.93]
 448		0               0               [0.95]
 449		0               0               [0.97]
 450		0               0               [0.90]
 451		0               0               [0.97]
 452		0               0               [0.97]
 453		0               1               [0.96]
 454		0               0               [0.93]
 455		0               0               [0.97]
 456		0               0               [0.96]
 457		0               0               [0.98]
 458		0               0               [0.97]
 459		0               1               [0.82]
 460		0               0               [0.93]
 461		0               0               [0.98]
 462		0               1               [0.98]
 463		0               0               [0.97]
 464		0               0               [0.93]
 465		0               0               [0.98]
 466		0               1               [0.96]
 467		0               0               [0.96]
 468		0               0               [0.97]
 469		0               0               [0.97]
 470		0               0               [0.68]
 471		0               0               [1.00]
 472		0               0               [0.98]
 473		0               0               [0.94]
 474		0               1               [0.95]
 475		0               0               [0.94]
 476		0               0               [0.97]
 477		0               0               [0.95]
 478		0               1               [0.93]
 479		0               0               [0.98]
 480		0               0               [0.68]
 481		0               0               [0.96]
 482		0               0               [0.97]
 483		0               0               [0.96]
 484		0               0               [0.98]
 485		0               1               [0.98]
 486		0               1               [0.98]
 487		0               0               [0.97]
 488		0               0               [0.98]
 489		0               0               [0.98]
 490		0               0               [0.97]
 491		0               0               [0.98]
 492		0               0               [0.98]
 493		0               1               [0.95]
 494		0               0               [0.97]
 495		0               1               [0.96]
 496		0               1               [0.96]
 497		0               0               [0.93]
 498		0               1               [0.95]
 499		0               0               [0.98]
 500		0               0               [0.73]
 501		0               0               [1.00]
 502		0               0               [0.80]
 503		0               0               [0.96]
 504		0               1               [0.98]
 505		0               0               [0.97]
 506		0               0               [1.00]
 507		0               1               [0.96]
 508		0               0               [0.93]
 509		0               0               [0.94]
 510		0               0               [0.98]
 511		0               0               [0.95]
 512		0               0               [0.96]
 513		0               1               [0.96]
 514		0               0               [0.98]
 515		0               1               [0.98]
 516		0               0               [0.95]
 517		0               0               [0.94]
 518		0               0               [0.94]
 519		0               0               [0.97]
 520		0               0               [0.99]
 521		0               0               [0.98]
 522		0               0               [0.97]
 523		0               0               [0.97]
 524		0               1               [0.94]
 525		0               0               [0.98]
 526		0               1               [0.96]
 527		0               0               [0.95]
 528		0               0               [0.95]
 529		0               0               [0.98]
 530		0               0               [0.95]
 531		0               0               [0.97]
 532		0               0               [0.97]
 533		0               0               [0.95]
 534		0               0               [0.98]
 535		0               0               [0.98]
 536		0               0               [0.95]
 537		0               0               [0.97]
 538		0               0               [0.77]
 539		0               0               [0.97]
 540		0               0               [0.95]
 541		0               0               [0.95]
 542		0               0               [0.96]
 543		0               0               [0.94]
 544		0               0               [0.94]
 545		0               0               [0.98]
 546		0               0               [0.96]
 547		0               1               [0.98]
 548		0               1               [0.90]
 549		0               1               [0.96]
 550		0               1               [0.98]
 551		0               0               [0.98]
 552		0               0               [1.00]
 553		0               0               [0.91]
 554		0               0               [1.00]
 555		0               0               [1.00]
 556		0               0               [0.97]
 557		0               1               [0.92]
 558		0               0               [0.97]
 559		0               0               [0.92]
 560		0               1               [0.94]
 561		0               0               [0.93]
 562		0               0               [0.98]
 563		0               1               [0.92]
 564		0               0               [0.96]
 565		0               0               [1.00]
 566		0               0               [0.97]
 567		0               0               [0.94]
 568		0               0               [1.00]
 569		0               0               [0.94]
 570		0               1               [0.93]
 571		0               1               [0.96]
 572		0               1               [0.95]
 573		0               0               [0.94]
 574		0               0               [0.94]
 575		0               0               [0.96]
 576		0               0               [0.94]
 577		0               0               [0.94]
 578		0               1               [0.97]
 579		0               0               [0.90]
 580		0               0               [0.98]
 581		0               0               [0.75]
 582		0               0               [0.98]
 583		0               0               [0.98]
 584		0               0               [0.98]
 585		0               0               [0.98]
 586		0               0               [0.95]
 587		0               0               [0.98]
 588		0               1               [0.97]
 589		0               0               [0.91]
 590		0               0               [0.97]
 591		0               0               [1.00]
 592		0               0               [0.98]
 593		0               0               [0.93]
 594		0               1               [0.93]
 595		0               0               [0.78]
 596		0               0               [0.98]
 597		0               0               [0.98]
 598		0               1               [0.98]
 599		0               0               [0.95]
 600		0               1               [0.98]
 601		0               0               [0.90]
 602		0               0               [1.00]
 603		0               0               [0.95]
 604		0               0               [0.95]
 605		0               0               [0.96]
 606		0               0               [0.96]
 607		0               0               [0.97]
 608		0               0               [0.98]
 609		0               0               [0.94]
 610		0               1               [0.97]
 611		0               0               [0.98]
 612		0               0               [0.92]
 613		0               0               [0.96]
 614		0               0               [0.98]
 615		0               0               [0.95]
 616		0               1               [0.95]
 617		0               1               [0.95]
 618		0               0               [0.98]
 619		0               0               [0.95]
 620		0               0               [0.95]
 621		0               0               [0.96]
 622		0               0               [0.95]
 623		0               0               [0.95]
 624		0               0               [0.96]
 625		0               0               [0.98]
 626		0               0               [0.94]
 627		0               0               [0.98]
 628		0               1               [0.96]
 629		0               0               [1.00]
 630		0               0               [0.98]
 631		0               0               [1.00]
 632		0               0               [0.93]
 633		0               1               [0.92]
 634		0               1               [0.95]
 635		0               0               [0.94]
 636		0               0               [0.97]
 637		0               1               [0.97]
 638		0               0               [0.95]
 639		0               0               [0.98]
 640		0               0               [0.97]
 641		0               0               [0.94]
 642		0               1               [0.98]
 643		0               1               [0.95]
 644		0               1               [0.96]
 645		0               0               [0.94]
 646		0               1               [0.91]
 647		0               0               [0.73]
 648		0               0               [0.98]
 649		0               0               [1.00]
 650		0               0               [0.68]
 651		0               1               [0.98]
 652		0               0               [0.96]
 653		0               1               [0.98]
 654		0               1               [0.94]
 655		0               1               [0.87]
 656		0               0               [0.97]
 657		0               0               [1.00]
 658		0               0               [0.98]
 659		0               0               [0.98]
 660		0               1               [0.97]
 661		0               0               [0.91]
 662		0               0               [0.98]
 663		0               0               [0.98]
 664		0               1               [0.98]
 665		0               0               [0.96]
 666		0               0               [0.98]
 667		0               0               [0.98]
 668		0               1               [0.95]
 669		0               1               [0.96]
 670		0               0               [0.90]
 671		0               0               [0.89]
 672		0               1               [0.88]
 673		0               0               [0.98]
 674		0               0               [0.94]
 675		0               0               [0.97]
 676		0               0               [0.97]
 677		0               0               [0.97]
 678		0               1               [0.99]
 679		0               0               [1.00]
 680		0               0               [0.90]
 681		0               0               [0.93]
 682		0               0               [0.94]
 683		0               0               [0.93]
 684		0               0               [0.98]
 685		0               0               [0.98]
 686		0               0               [0.98]
 687		0               0               [0.98]
 688		0               0               [0.98]
 689		0               0               [0.98]
 690		0               0               [0.98]
 691		0               0               [1.00]
 692		0               0               [1.00]
 693		0               0               [0.97]
 694		0               1               [0.97]
 695		0               0               [0.93]
 696		0               0               [0.98]
 697		0               0               [0.98]
 698		0               0               [1.00]
 699		0               0               [0.97]
 700		0               1               [0.91]
 701		0               1               [0.92]
 702		0               0               [0.94]
 703		0               0               [0.98]
 704		0               1               [0.96]
 705		0               0               [0.98]
 706		0               1               [0.96]
 707		0               0               [1.00]
 708		0               1               [0.94]
 709		0               1               [0.92]
 710		0               0               [0.98]
 711		0               0               [1.00]
 712		0               0               [0.94]
 713		0               0               [0.93]
 714		0               0               [1.00]
 715		0               0               [0.98]
 716		0               0               [0.94]
 717		0               0               [0.93]
 718		0               0               [1.00]
 719		0               0               [0.96]
 720		0               0               [0.99]
 721		0               0               [0.98]
 722		0               1               [0.93]
 723		0               0               [1.00]
 724		0               0               [0.97]
 725		0               0               [1.00]
 726		0               1               [0.97]
 727		0               0               [1.00]
 728		0               1               [0.97]
 729		0               0               [0.94]
 730		0               0               [0.98]
 731		0               0               [0.97]
 732		0               1               [0.92]
 733		0               0               [0.98]
 734		0               0               [0.98]
 735		0               1               [0.99]
 736		0               0               [1.00]
 737		0               0               [1.00]
 738		0               0               [1.00]
 739		0               0               [1.00]
 740		0               0               [0.98]
 741		0               1               [0.96]
 742		0               0               [1.00]
 743		0               1               [0.97]
 744		0               0               [1.00]
 745		0               0               [1.00]
 746		0               0               [0.90]
 747		0               0               [0.97]
 748		0               0               [1.00]
 749		0               0               [0.98]
 750		0               0               [0.94]
 751		0               0               [0.98]
 752		0               0               [0.94]
 753		0               0               [1.00]
 754		0               1               [0.91]
 755		0               0               [0.98]
 756		0               0               [0.97]
 757		0               0               [0.98]
 758		0               0               [0.94]
 759		0               1               [0.95]
 760		0               0               [0.98]
 761		0               0               [0.92]
 762		0               0               [1.00]
 763		0               0               [1.00]
 764		0               0               [0.98]
 765		0               0               [0.96]
 766		0               0               [1.00]
 767		0               0               [0.94]
 768		0               0               [0.94]
 769		0               0               [0.98]
 770		0               0               [0.98]
 771		0               0               [0.94]
 772		0               0               [1.00]
 773		0               0               [0.94]
 774		0               0               [0.97]
 775		0               0               [0.98]
 776		0               0               [0.98]
 777		0               0               [0.98]
 778		0               0               [1.00]
 779		0               1               [0.99]
 780		0               1               [0.98]
 781		0               0               [0.98]
 782		0               1               [0.96]
 783		0               0               [0.98]
 784		0               0               [0.94]
 785		0               0               [1.00]
 786		0               0               [0.96]
 787		0               0               [0.96]
 788		0               0               [0.97]
 789		0               1               [0.96]
 790		0               0               [0.98]
 791		0               0               [1.00]
 792		0               1               [0.97]
 793		0               0               [0.98]
 794		0               0               [0.98]
 795		0               0               [1.00]
 796		0               0               [0.98]
 797		0               0               [0.91]
 798		0               0               [0.98]
 799		0               0               [0.98]
 800		0               0               [1.00]
 801		0               0               [0.97]
 802		0               1               [0.97]
 803		0               0               [0.98]
 804		0               0               [0.98]
 805		0               0               [0.98]
 806		0               0               [0.98]
 807		0               1               [0.99]
 808		0               0               [0.98]
 809		0               1               [0.95]
 810		0               1               [0.78]
 811		0               0               [0.98]
 812		0               0               [0.97]
 813		0               0               [0.94]
 814		0               0               [1.00]
 815		0               0               [0.94]
 816		0               1               [0.78]
 817		0               0               [0.98]
 818		0               0               [0.94]
 819		0               0               [0.98]
 820		0               0               [0.98]
 821		0               0               [1.00]
 822		0               0               [1.00]
 823		0               0               [0.98]
 824		0               0               [0.98]
 825		0               0               [0.98]
 826		0               0               [0.98]
 827		0               0               [0.97]
 828		0               0               [0.97]
 829		0               0               [0.98]
 830		0               0               [0.95]
 831		0               0               [0.91]
 832		0               0               [0.94]
 833		0               0               [0.97]
 834		0               0               [0.92]
 835		0               0               [0.98]
 836		0               0               [0.98]
 837		0               1               [0.96]
 838		0               0               [0.94]
 839		0               0               [0.98]
 840		0               0               [1.00]
 841		0               0               [0.96]
 842		0               1               [0.95]
 843		0               0               [0.98]
 844		0               0               [0.94]
 845		0               1               [0.93]
 846		0               0               [0.94]
 847		0               0               [1.00]
 848		0               0               [0.98]
 849		0               0               [0.98]
 850		0               1               [0.97]
 851		0               0               [0.97]
 852		0               1               [0.95]
 853		0               0               [0.97]
 854		0               0               [1.00]
 855		0               0               [0.98]
 856		0               1               [0.93]
 857		0               0               [0.94]
 858		0               0               [0.98]
 859		0               0               [1.00]
 860		0               0               [0.94]
 861		0               0               [1.00]
 862		0               0               [0.98]
 863		0               0               [0.99]
 864		0               0               [1.00]
 865		0               0               [0.98]
 866		0               1               [0.97]
 867		0               0               [0.97]
 868		0               0               [0.94]
 869		0               0               [0.95]
 870		0               0               [0.98]
 871		0               1               [0.92]
 872		0               0               [0.94]
 873		0               0               [1.00]
 874		0               0               [1.00]
 875		0               0               [0.97]
 876		0               1               [0.96]
 877		0               1               [0.94]
 878		0               0               [0.98]
 879		0               0               [0.98]
 880		0               0               [0.98]
 881		0               0               [0.97]
 882		0               0               [0.77]
 883		0               0               [0.99]
 884		0               0               [0.97]
 885		0               0               [0.93]
 886		0               1               [0.98]
 887		0               0               [0.98]
 888		0               0               [1.00]
 889		0               0               [0.94]
 890		0               1               [0.97]
 891		0               0               [0.98]
 892		0               0               [0.73]
 893		0               0               [0.90]
 894		0               0               [0.89]
 895		0               1               [0.93]
 896		0               0               [0.98]
 897		0               1               [0.88]
 898		0               0               [0.98]
 899		0               0               [1.00]
 900		0               0               [1.00]
 901		0               0               [0.98]
 902		0               0               [0.94]
 903		0               0               [0.98]
 904		0               1               [0.91]
 905		0               0               [0.98]
 906		0               0               [1.00]
 907		0               0               [0.98]
 908		0               0               [0.98]
 909		0               0               [1.00]
 910		0               0               [0.98]
 911		0               0               [0.95]
 912		0               0               [0.98]
 913		0               0               [0.94]
 914		0               0               [1.00]
 915		0               0               [0.68]
 916		0               0               [0.91]
 917		0               0               [1.00]
 918		0               0               [0.98]
 919		0               0               [0.98]
 920		0               0               [0.97]
 921		0               0               [0.98]
 922		0               0               [1.00]
 923		0               0               [0.98]
 924		0               0               [0.94]
 925		0               0               [0.98]
 926		0               1               [0.97]
 927		0               0               [0.98]
 928		0               0               [0.94]
 929		0               0               [0.97]
 930		0               0               [0.98]
 931		0               0               [0.95]
 932		0               0               [0.94]
 933		0               0               [1.00]
 934		0               0               [1.00]
 935		0               0               [0.87]
 936		0               0               [0.95]
 937		0               0               [0.98]
 938		0               0               [0.98]
 939		0               0               [0.98]
 940		0               1               [0.99]
 941		0               0               [0.97]
 942		0               0               [0.91]
 943		0               0               [0.98]
 944		0               0               [0.98]
 945		0               0               [0.73]
 946		0               0               [1.00]
 947		0               1               [0.96]
 948		0               0               [0.98]
 949		0               1               [0.95]
 950		0               1               [0.96]
 951		0               0               [0.73]
 952		0               0               [0.97]
 953		0               0               [0.98]
 954		0               0               [0.91]
 955		0               0               [0.98]
 956		0               1               [0.96]
 957		0               0               [1.00]
 958		0               0               [0.97]
 959		0               1               [0.91]
 960		0               0               [0.93]
 961		0               0               [0.98]
 962		0               1               [0.96]
 963		0               0               [0.97]
 964		0               0               [0.94]
 965		0               1               [0.91]
 966		0               0               [0.99]
 967		0               0               [0.94]
 968		0               0               [0.98]
 969		0               0               [0.97]
 970		0               0               [0.98]
 971		0               0               [0.97]
 972		0               0               [0.94]
 973		0               0               [0.98]
 974		0               0               [0.98]
 975		0               1               [0.97]
 976		0               0               [0.98]
 977		0               0               [0.97]
 978		0               0               [1.00]
 979		0               0               [0.73]
 980		0               0               [1.00]
 981		0               0               [1.00]
 982		0               0               [0.98]
 983		0               0               [0.98]
 984		0               0               [0.98]
 985		0               1               [0.91]
 986		0               0               [1.00]
 987		0               0               [0.97]
 988		0               0               [0.94]
 989		0               0               [1.00]
 990		0               1               [0.98]
 991		0               0               [0.97]
 992		0               1               [0.96]
 993		0               0               [0.98]
 994		0               0               [0.95]
 995		0               0               [1.00]
 996		0               0               [1.00]
 997		0               0               [0.98]
 998		0               1               [0.97]
 999		0               0               [0.97]
1000		0               0               [0.95]
1001		0               1               [0.95]
1002		0               0               [0.96]
1003		0               0               [0.94]
1004		0               0               [0.97]
1005		0               0               [0.98]
1006		0               0               [0.90]
1007		0               0               [0.73]
1008		0               1               [0.97]
1009		0               0               [0.94]
1010		0               0               [1.00]
1011		0               0               [0.94]
1012		0               0               [0.94]
1013		0               0               [0.98]
1014		0               0               [0.98]
1015		0               0               [0.97]
1016		0               0               [1.00]
1017		0               0               [1.00]
1018		0               0               [1.00]
1019		0               0               [0.96]
1020		0               0               [0.94]
1021		0               0               [0.98]
1022		0               0               [0.94]
1023		0               0               [0.96]
1024		0               0               [1.00]
1025		0               0               [1.00]
1026		0               0               [1.00]
1027		0               0               [0.96]
1028		0               1               [0.98]
1029		0               1               [0.99]
1030		0               0               [0.94]
1031		0               1               [0.96]
1032		0               1               [0.95]
1033		0               1               [0.98]
1034		0               0               [0.98]
1035		0               0               [1.00]
1036		0               0               [0.90]
1037		0               0               [0.98]
1038		0               0               [0.98]
1039		0               0               [1.00]
1040		0               0               [0.98]
1041		0               0               [1.00]
1042		0               0               [1.00]
1043		0               0               [0.98]
1044		0               0               [0.94]
1045		0               0               [1.00]
1046		0               0               [0.94]
1047		0               0               [0.98]
1048		0               0               [1.00]
1049		0               0               [0.98]
1050		0               0               [1.00]
1051		0               0               [0.94]
1052		0               0               [0.98]
1053		0               0               [0.98]
1054		0               1               [0.97]
1055		0               0               [0.95]
1056		0               1               [0.97]
1057		0               0               [0.94]
1058		0               0               [0.98]
1059		0               0               [0.95]
1060		0               0               [0.94]
1061		0               1               [0.94]
1062		0               0               [1.00]
1063		0               1               [0.91]
1064		0               0               [0.94]
1065		0               0               [0.97]
1066		0               0               [1.00]
1067		0               1               [0.97]
1068		0               0               [0.92]
1069		0               0               [0.98]
1070		0               0               [1.00]
1071		0               1               [0.97]
1072		0               1               [0.92]
1073		0               0               [0.94]
1074		0               0               [0.98]
1075		0               0               [0.80]
1076		0               0               [0.95]
1077		0               0               [0.95]
1078		0               1               [0.93]
1079		0               0               [0.95]
1080		0               0               [0.98]
1081		0               0               [0.97]
1082		0               0               [0.98]
1083		0               0               [1.00]
1084		0               0               [1.00]
1085		0               0               [0.98]
1086		0               1               [0.96]
1087		0               1               [0.94]
1088		0               0               [0.97]
1089		0               0               [0.97]
1090		0               0               [0.98]
1091		0               0               [1.00]
1092		0               0               [0.75]
1093		0               1               [0.97]
1094		0               0               [0.98]
1095		0               0               [0.94]
1096		0               0               [1.00]
1097		0               1               [0.94]
1098		0               1               [0.94]
1099		0               0               [0.98]
1100		0               0               [0.98]
1101		0               0               [0.94]
1102		0               0               [0.97]
1103		0               0               [0.93]
1104		0               0               [0.98]
1105		0               0               [0.98]
1106		0               0               [1.00]
1107		0               0               [0.97]
1108		0               0               [0.93]
1109		0               0               [1.00]
1110		0               0               [0.98]
1111		0               0               [1.00]
1112		0               0               [1.00]
1113		0               0               [0.98]
1114		0               0               [0.94]
1115		0               0               [0.97]
1116		0               0               [0.94]
1117		0               0               [0.96]
1118		0               0               [0.98]
1119		0               1               [0.96]
1120		0               1               [0.84]
1121		0               0               [0.98]
1122		0               0               [0.68]
1123		0               0               [0.96]
1124		0               0               [0.98]
1125		0               0               [0.98]
1126		0               0               [0.94]
1127		0               0               [0.98]
1128		0               0               [0.98]
1129		0               0               [0.97]
1130		0               1               [0.96]
1131		0               0               [0.95]
1132		0               0               [0.98]
1133		0               0               [0.90]
1134		0               0               [1.00]
1135		0               0               [0.94]
1136		0               0               [0.98]
1137		0               0               [0.98]
1138		0               0               [1.00]
1139		0               0               [0.94]
1140		0               1               [0.97]
1141		0               0               [1.00]
1142		0               0               [0.98]
1143		0               0               [0.94]
1144		0               0               [0.94]
1145		0               0               [0.98]
1146		0               1               [0.96]
1147		0               0               [1.00]
1148		0               0               [0.98]
1149		0               0               [0.98]
1150		0               0               [0.87]
1151		0               0               [0.98]
1152		0               0               [0.90]
1153		0               1               [0.93]
1154		0               0               [1.00]
1155		0               0               [0.93]
1156		0               0               [0.98]
1157		0               0               [0.97]
1158		0               1               [0.97]
1159		0               0               [1.00]
1160		0               0               [0.98]
1161		0               0               [0.78]
1162		0               0               [0.97]
1163		0               0               [1.00]
1164		0               0               [1.00]
1165		0               0               [1.00]
1166		0               0               [0.98]
1167		0               1               [0.88]
1168		0               0               [0.98]
1169		0               0               [0.91]
1170		0               0               [1.00]
1171		0               0               [0.98]
1172		0               1               [0.91]
1173		0               0               [1.00]
1174		0               0               [0.95]
1175		0               1               [0.97]
1176		0               0               [0.98]
1177		0               0               [1.00]
1178		0               1               [0.93]
1179		0               1               [0.93]
1180		0               0               [0.98]
1181		0               0               [0.98]
1182		0               0               [1.00]
1183		0               1               [0.96]
1184		0               0               [0.98]
1185		0               0               [0.92]
1186		0               1               [0.88]
1187		0               1               [0.96]
1188		0               0               [0.98]
1189		0               0               [0.99]
1190		0               0               [0.98]
1191		0               0               [1.00]
1192		0               0               [0.98]
1193		0               0               [0.98]
1194		0               0               [0.97]
1195		0               0               [0.98]
1196		0               0               [0.98]
1197		0               0               [0.98]
1198		0               0               [1.00]
1199		0               1               [0.95]
1200		0               0               [0.98]
1201		0               1               [0.99]
1202		0               0               [1.00]
1203		0               1               [0.97]
1204		0               0               [0.94]
1205		0               0               [0.98]
1206		0               0               [0.97]
1207		0               1               [0.96]
1208		0               0               [0.97]
1209		0               0               [0.97]
1210		0               0               [0.97]
1211		0               1               [0.99]
1212		0               0               [0.98]
1213		0               0               [0.97]
1214		0               0               [1.00]
1215		0               0               [1.00]
1216		0               1               [0.97]
1217		0               0               [0.98]
1218		0               0               [0.96]
1219		0               0               [0.94]
1220		0               0               [0.93]
1221		0               0               [1.00]
1222		0               0               [1.00]
1223		0               0               [0.97]
1224		0               0               [1.00]
1225		0               0               [1.00]
1226		0               0               [0.98]
1227		0               0               [1.00]
1228		0               0               [0.98]
1229		0               0               [0.93]
1230		0               0               [1.00]
1231		0               0               [1.00]
1232		0               1               [0.97]
1233		0               0               [1.00]
1234		0               0               [1.00]
1235		0               0               [0.95]
1236		0               0               [1.00]
1237		0               0               [0.98]
1238		0               0               [0.90]
1239		0               1               [0.96]
1240		0               1               [0.97]
1241		0               0               [0.98]
1242		0               1               [0.88]
1243		0               1               [0.98]
1244		0               1               [0.95]
1245		0               1               [0.97]
1246		0               0               [0.98]
