Case		Given		Predicted
 No		Class		Class

   1		1               1               [1.00]
   2		1               1               [1.00]
   3		1               1               [0.99]
   4		1               0               [0.99]
   5		1               1               [0.99]
   6		1               1               [0.96]
   7		1               1               [0.99]
   8		1               1               [0.99]
   9		1               0               [0.98]
  10		1               1               [0.99]
  11		1               1               [0.99]
  12		1               1               [0.99]
  13		1               1               [0.92]
  14		1               1               [0.97]
  15		1               1               [0.91]
  16		1               1               [0.99]
  17		1               1               [0.91]
  18		1               1               [1.00]
  19		1               1               [0.99]
  20		1               1               [0.99]
  21		1               1               [0.97]
  22		1               1               [0.90]
  23		1               1               [0.94]
  24		1               0               [0.93]
  25		1               1               [0.93]
  26		1               1               [0.94]
  27		1               1               [0.99]
  28		1               0               [0.94]
  29		1               0               [0.99]
  30		1               1               [0.97]
  31		1               1               [0.99]
  32		1               1               [0.89]
  33		1               1               [0.99]
  34		1               1               [0.89]
  35		1               1               [0.99]
  36		1               0               [0.98]
  37		1               0               [0.98]
  38		1               1               [0.99]
  39		1               0               [0.98]
  40		1               1               [0.91]
  41		1               1               [0.97]
  42		1               1               [0.97]
  43		1               0               [0.98]
  44		1               1               [0.97]
  45		1               1               [0.97]
  46		1               1               [0.91]
  47		1               1               [0.97]
  48		1               1               [0.96]
  49		1               1               [0.94]
  50		1               1               [0.94]
  51		1               1               [0.99]
  52		1               1               [0.94]
  53		1               0               [0.94]
  54		1               1               [0.99]
  55		1               1               [0.94]
  56		1               0               [0.98]
  57		1               1               [1.00]
  58		1               1               [0.97]
  59		1               1               [0.85]
  60		1               1               [0.95]
  61		1               0               [0.99]
  62		1               0               [0.98]
  63		1               1               [0.94]
  64		1               1               [0.99]
  65		1               1               [1.00]
  66		1               1               [1.00]
  67		1               0               [0.99]
  68		1               1               [0.79]
  69		1               1               [0.90]
  70		1               1               [0.94]
  71		1               1               [0.95]
  72		1               0               [0.98]
  73		1               1               [0.95]
  74		1               1               [0.95]
  75		1               1               [0.96]
  76		1               1               [0.90]
  77		1               1               [0.90]
  78		1               0               [0.99]
  79		1               1               [0.98]
  80		1               0               [0.97]
  81		1               1               [0.99]
  82		1               1               [0.97]
  83		1               1               [0.98]
  84		1               0               [0.99]
  85		1               1               [0.99]
  86		1               1               [1.00]
  87		1               1               [1.00]
  88		1               1               [0.94]
  89		1               1               [1.00]
  90		1               1               [0.99]
  91		1               1               [0.99]
  92		1               1               [1.00]
  93		1               1               [0.90]
  94		1               0               [0.98]
  95		1               1               [0.97]
  96		1               1               [0.92]
  97		1               1               [0.98]
  98		1               1               [0.99]
  99		1               0               [0.93]
 100		1               0               [0.96]
 101		1               1               [0.98]
 102		1               1               [0.91]
 103		1               1               [0.99]
 104		1               1               [0.97]
 105		1               1               [0.99]
 106		1               1               [0.91]
 107		1               1               [0.98]
 108		1               1               [1.00]
 109		1               1               [0.99]
 110		1               1               [0.83]
 111		1               1               [0.95]
 112		1               1               [0.99]
 113		1               0               [0.97]
 114		1               1               [0.92]
 115		1               1               [0.94]
 116		1               0               [0.99]
 117		1               1               [0.95]
 118		1               1               [1.00]
 119		1               0               [0.98]
 120		1               0               [0.95]
 121		1               0               [0.99]
 122		1               0               [0.97]
 123		1               0               [0.93]
 124		1               1               [0.91]
 125		1               1               [0.91]
 126		1               1               [1.00]
 127		1               1               [0.91]
 128		1               0               [0.94]
 129		1               0               [1.00]
 130		1               1               [1.00]
 131		1               1               [1.00]
 132		1               1               [0.96]
 133		1               1               [0.95]
 134		1               1               [0.91]
 135		1               1               [0.95]
 136		1               0               [0.99]
 137		1               1               [0.98]
 138		1               0               [0.99]
 139		1               1               [0.93]
 140		1               1               [1.00]
 141		1               1               [0.98]
 142		1               1               [0.97]
 143		1               1               [0.94]
 144		1               1               [0.99]
 145		1               0               [0.93]
 146		1               1               [0.95]
 147		1               0               [0.98]
 148		1               1               [0.91]
 149		1               1               [0.93]
 150		1               1               [0.98]
 151		1               1               [0.95]
 152		1               0               [0.98]
 153		1               1               [0.99]
 154		1               1               [0.99]
 155		1               1               [0.99]
 156		1               0               [0.99]
 157		1               0               [0.99]
 158		1               1               [0.91]
 159		1               1               [0.96]
 160		1               1               [0.95]
 161		1               1               [0.93]
 162		1               1               [0.99]
 163		1               1               [0.91]
 164		1               1               [0.96]
 165		1               1               [0.95]
 166		1               1               [0.97]
 167		1               1               [0.91]
 168		1               1               [0.96]
 169		1               0               [0.97]
 170		1               1               [0.96]
 171		1               0               [0.95]
 172		1               1               [0.99]
 173		1               1               [0.94]
 174		1               1               [0.99]
 175		1               1               [0.99]
 176		1               1               [0.99]
 177		1               1               [0.97]
 178		1               1               [0.93]
 179		1               1               [1.00]
 180		1               1               [0.98]
 181		1               1               [0.98]
 182		1               0               [0.92]
 183		1               1               [0.96]
 184		1               1               [0.96]
 185		1               0               [0.93]
 186		1               1               [0.95]
 187		1               1               [0.99]
 188		1               1               [0.96]
 189		1               0               [0.96]
 190		1               1               [0.93]
 191		1               1               [0.91]
 192		1               1               [0.99]
 193		1               1               [0.99]
 194		1               1               [0.97]
 195		1               1               [1.00]
 196		1               0               [0.93]
 197		1               1               [0.99]
 198		1               1               [0.91]
 199		1               1               [1.00]
 200		1               1               [0.93]
 201		1               0               [0.94]
 202		1               1               [0.96]
 203		1               0               [0.94]
 204		1               1               [0.94]
 205		1               0               [0.96]
 206		1               0               [0.98]
 207		1               1               [0.96]
 208		1               1               [1.00]
 209		1               1               [0.98]
 210		1               1               [0.96]
 211		1               0               [0.98]
 212		1               1               [0.99]
 213		1               1               [0.99]
 214		1               1               [1.00]
 215		1               1               [0.99]
 216		1               0               [0.98]
 217		1               1               [1.00]
 218		1               1               [1.00]
 219		1               1               [0.91]
 220		1               1               [0.91]
 221		1               1               [0.95]
 222		1               1               [0.91]
 223		1               1               [1.00]
 224		1               1               [0.99]
 225		1               1               [1.00]
 226		1               1               [0.99]
 227		1               0               [0.98]
 228		1               1               [0.98]
 229		1               1               [0.92]
 230		1               1               [0.98]
 231		1               1               [0.93]
 232		1               1               [0.99]
 233		1               0               [0.99]
 234		1               1               [0.99]
 235		1               0               [0.89]
 236		1               1               [0.97]
 237		1               1               [0.97]
 238		1               1               [0.97]
 239		1               1               [0.99]
 240		1               1               [1.00]
 241		1               1               [0.99]
 242		1               1               [1.00]
 243		1               1               [0.69]
 244		1               1               [0.95]
 245		1               0               [0.99]
 246		1               1               [0.95]
 247		1               1               [0.97]
 248		1               0               [0.71]
 249		1               1               [0.89]
 250		1               1               [1.00]
 251		1               1               [1.00]
 252		1               1               [0.69]
 253		1               1               [1.00]
 254		1               0               [0.89]
 255		1               1               [0.94]
 256		1               1               [0.99]
 257		1               0               [0.98]
 258		1               1               [0.95]
 259		1               1               [0.97]
 260		1               1               [0.96]
 261		1               0               [0.99]
 262		1               1               [1.00]
 263		1               1               [0.96]
 264		1               1               [1.00]
 265		1               1               [0.97]
 266		1               1               [1.00]
 267		1               1               [0.92]
 268		1               0               [0.97]
 269		1               0               [0.89]
 270		1               1               [0.95]
 271		1               1               [0.91]
 272		1               1               [1.00]
 273		1               1               [0.99]
 274		1               1               [0.98]
 275		1               1               [0.98]
 276		1               1               [0.99]
 277		1               1               [1.00]
 278		1               1               [0.90]
 279		1               1               [0.99]
 280		1               0               [0.99]
 281		1               1               [1.00]
 282		1               1               [0.91]
 283		1               1               [1.00]
 284		1               1               [1.00]
 285		1               1               [0.96]
 286		1               0               [0.99]
 287		1               1               [0.99]
 288		1               0               [0.99]
 289		1               0               [0.98]
 290		1               0               [0.94]
 291		1               1               [0.90]
 292		1               1               [0.90]
 293		1               0               [0.98]
 294		1               1               [0.92]
 295		1               1               [0.93]
 296		1               1               [1.00]
 297		1               1               [1.00]
 298		1               1               [0.98]
 299		1               1               [0.95]
 300		1               1               [0.90]
 301		1               1               [0.95]
 302		1               1               [0.93]
 303		1               1               [0.99]
 304		1               1               [1.00]
 305		1               1               [0.95]
 306		1               1               [0.91]
 307		1               1               [1.00]
 308		1               1               [0.92]
 309		1               1               [0.96]
 310		1               1               [1.00]
 311		1               1               [0.89]
 312		1               1               [0.98]
 313		1               1               [0.99]
 314		1               1               [1.00]
 315		1               1               [0.95]
 316		1               1               [0.93]
 317		1               1               [0.91]
 318		1               0               [0.99]
 319		1               0               [0.99]
 320		1               0               [0.99]
 321		1               1               [0.91]
 322		1               1               [0.98]
 323		1               1               [1.00]
 324		1               0               [0.99]
 325		1               1               [0.97]
 326		1               1               [1.00]
 327		1               1               [0.98]
 328		1               1               [0.91]
 329		1               0               [0.99]
 330		1               1               [0.97]
 331		1               0               [0.95]
 332		1               1               [0.84]
 333		1               1               [0.97]
 334		1               1               [0.99]
 335		1               1               [0.99]
 336		1               0               [0.99]
 337		1               1               [0.99]
 338		1               0               [0.98]
 339		1               1               [0.91]
 340		1               1               [0.98]
 341		1               1               [0.97]
 342		1               1               [1.00]
 343		1               1               [0.95]
 344		1               1               [0.99]
 345		1               0               [1.00]
 346		1               1               [1.00]
 347		1               0               [0.97]
 348		1               1               [0.96]
 349		1               0               [0.95]
 350		1               1               [1.00]
 351		1               1               [0.99]
 352		1               1               [0.85]
 353		1               0               [0.99]
 354		1               0               [0.97]
 355		1               0               [0.99]
 356		0               0               [0.99]
 357		0               1               [0.95]
 358		0               0               [0.99]
 359		0               0               [0.92]
 360		0               1               [0.90]
 361		0               0               [0.98]
 362		0               1               [0.99]
 363		0               0               [0.98]
 364		0               0               [0.98]
 365		0               0               [1.00]
 366		0               0               [0.98]
 367		0               0               [0.98]
 368		0               0               [0.97]
 369		0               0               [0.98]
 370		0               0               [0.99]
 371		0               0               [0.98]
 372		0               0               [0.98]
 373		0               0               [0.98]
 374		0               1               [0.95]
 375		0               0               [0.97]
 376		0               0               [0.98]
 377		0               1               [0.91]
 378		0               0               [0.89]
 379		0               1               [0.67]
 380		0               0               [0.92]
 381		0               1               [0.84]
 382		0               1               [0.92]
 383		0               0               [0.98]
 384		0               0               [0.98]
 385		0               0               [0.98]
 386		0               0               [0.98]
 387		0               0               [0.97]
 388		0               0               [0.97]
 389		0               0               [0.71]
 390		0               0               [0.98]
 391		0               1               [0.99]
 392		0               1               [0.99]
 393		0               1               [0.96]
 394		0               0               [0.98]
 395		0               0               [1.00]
 396		0               1               [0.67]
 397		0               0               [0.97]
 398		0               0               [0.98]
 399		0               0               [0.95]
 400		0               0               [0.99]
 401		0               0               [0.99]
 402		0               0               [0.98]
 403		0               0               [0.98]
 404		0               0               [0.95]
 405		0               0               [0.97]
 406		0               0               [0.98]
 407		0               0               [0.98]
 408		0               0               [0.95]
 409		0               0               [1.00]
 410		0               0               [0.98]
 411		0               0               [0.98]
 412		0               0               [0.97]
 413		0               0               [0.99]
 414		0               0               [0.98]
 415		0               0               [1.00]
 416		0               0               [0.98]
 417		0               0               [0.99]
 418		0               0               [0.97]
 419		0               0               [0.98]
 420		0               0               [0.99]
 421		0               0               [0.98]
 422		0               0               [0.98]
 423		0               0               [0.99]
 424		0               0               [0.97]
 425		0               0               [0.98]
 426		0               1               [0.89]
 427		0               0               [0.97]
 428		0               0               [0.98]
 429		0               0               [0.99]
 430		0               0               [0.98]
 431		0               0               [0.99]
 432		0               1               [0.86]
 433		0               0               [0.99]
 434		0               1               [0.93]
 435		0               1               [0.96]
 436		0               0               [0.98]
 437		0               0               [0.98]
 438		0               0               [0.98]
 439		0               0               [0.98]
 440		0               0               [0.98]
 441		0               0               [0.99]
 442		0               0               [1.00]
 443		0               0               [1.00]
 444		0               0               [0.98]
 445		0               0               [1.00]
 446		0               0               [0.99]
 447		0               1               [0.67]
 448		0               0               [0.98]
 449		0               0               [0.94]
 450		0               0               [0.98]
 451		0               0               [0.99]
 452		0               0               [0.98]
 453		0               1               [0.90]
 454		0               0               [0.97]
 455		0               0               [0.98]
 456		0               0               [0.95]
 457		0               0               [0.98]
 458		0               0               [0.98]
 459		0               0               [0.71]
 460		0               0               [0.98]
 461		0               0               [0.98]
 462		0               0               [0.97]
 463		0               0               [0.99]
 464		0               0               [0.98]
 465		0               1               [1.00]
 466		0               0               [0.98]
 467		0               0               [0.98]
 468		0               0               [0.95]
 469		0               0               [0.97]
 470		0               1               [0.99]
 471		0               0               [0.98]
 472		0               1               [0.96]
 473		0               0               [0.99]
 474		0               0               [0.98]
 475		0               1               [0.79]
 476		0               1               [0.94]
 477		0               1               [0.99]
 478		0               0               [0.87]
 479		0               0               [0.98]
 480		0               1               [0.99]
 481		0               0               [0.96]
 482		0               0               [0.98]
 483		0               0               [0.93]
 484		0               0               [1.00]
 485		0               0               [0.95]
 486		0               1               [0.94]
 487		0               0               [0.99]
 488		0               0               [0.98]
 489		0               0               [0.98]
 490		0               0               [0.98]
 491		0               0               [0.98]
 492		0               0               [0.98]
 493		0               0               [0.97]
 494		0               0               [0.92]
 495		0               0               [0.98]
 496		0               0               [0.90]
 497		0               0               [0.99]
 498		0               0               [0.98]
 499		0               0               [1.00]
 500		0               0               [0.97]
 501		0               0               [0.98]
 502		0               0               [0.87]
 503		0               0               [0.98]
 504		0               1               [0.97]
 505		0               0               [0.98]
 506		0               0               [1.00]
 507		0               0               [0.98]
 508		0               0               [0.97]
 509		0               0               [0.98]
 510		0               0               [0.95]
 511		0               0               [0.98]
 512		0               0               [0.98]
 513		0               1               [0.94]
 514		0               0               [1.00]
 515		0               0               [1.00]
 516		0               0               [0.98]
 517		0               0               [0.94]
 518		0               0               [0.93]
 519		0               0               [0.95]
 520		0               0               [0.98]
 521		0               0               [0.97]
 522		0               0               [0.98]
 523		0               0               [0.98]
 524		0               0               [0.98]
 525		0               0               [1.00]
 526		0               1               [0.99]
 527		0               0               [1.00]
 528		0               1               [0.99]
 529		0               0               [0.98]
 530		0               0               [0.90]
 531		0               0               [0.99]
 532		0               0               [0.99]
 533		0               1               [0.98]
 534		0               0               [0.98]
 535		0               0               [0.98]
 536		0               0               [0.98]
 537		0               0               [0.98]
 538		0               0               [0.97]
 539		0               0               [0.97]
 540		0               0               [0.97]
 541		0               1               [0.99]
 542		0               0               [0.98]
 543		0               0               [0.92]
 544		0               0               [0.98]
 545		0               1               [0.67]
 546		0               1               [0.95]
 547		0               1               [0.96]
 548		0               1               [0.95]
 549		0               1               [0.86]
 550		0               1               [0.98]
 551		0               1               [1.00]
 552		0               0               [1.00]
 553		0               0               [0.98]
 554		0               0               [1.00]
 555		0               0               [1.00]
 556		0               0               [0.98]
 557		0               0               [0.98]
 558		0               0               [0.98]
 559		0               1               [0.91]
 560		0               1               [0.94]
 561		0               0               [0.97]
 562		0               1               [0.99]
 563		0               0               [1.00]
 564		0               0               [0.98]
 565		0               0               [0.98]
 566		0               0               [1.00]
 567		0               0               [0.94]
 568		0               0               [1.00]
 569		0               0               [1.00]
 570		0               0               [0.97]
 571		0               1               [0.95]
 572		0               0               [0.99]
 573		0               0               [1.00]
 574		0               0               [0.98]
 575		0               0               [0.98]
 576		0               0               [0.99]
 577		0               1               [1.00]
 578		0               0               [0.90]
 579		0               0               [0.96]
 580		0               0               [0.97]
 581		0               0               [0.97]
 582		0               1               [0.99]
 583		0               0               [0.98]
 584		0               0               [1.00]
 585		0               0               [1.00]
 586		0               0               [0.99]
 587		0               1               [0.98]
 588		0               1               [0.98]
 589		0               0               [0.89]
 590		0               0               [0.98]
 591		0               0               [1.00]
 592		0               0               [0.97]
 593		0               0               [0.99]
 594		0               0               [0.97]
 595		0               0               [0.97]
 596		0               1               [0.99]
 597		0               0               [1.00]
 598		0               1               [0.99]
 599		0               1               [0.99]
 600		0               0               [0.95]
 601		0               0               [0.98]
 602		0               0               [1.00]
 603		0               1               [0.99]
 604		0               0               [1.00]
 605		0               0               [0.97]
 606		0               0               [0.97]
 607		0               0               [0.97]
 608		0               0               [1.00]
 609		0               0               [0.98]
 610		0               0               [0.98]
 611		0               0               [0.98]
 612		0               0               [0.98]
 613		0               0               [1.00]
 614		0               1               [0.96]
 615		0               1               [0.98]
 616		0               0               [0.95]
 617		0               0               [0.98]
 618		0               1               [0.99]
 619		0               0               [0.99]
 620		0               1               [0.99]
 621		0               0               [0.99]
 622		0               0               [0.99]
 623		0               0               [0.98]
 624		0               0               [0.99]
 625		0               1               [0.97]
 626		0               0               [0.98]
 627		0               0               [0.98]
 628		0               0               [0.97]
 629		0               0               [1.00]
 630		0               0               [0.99]
 631		0               0               [0.98]
 632		0               0               [0.99]
 633		0               1               [0.90]
 634		0               0               [0.95]
 635		0               0               [0.98]
 636		0               0               [0.99]
 637		0               0               [0.95]
 638		0               0               [0.99]
 639		0               0               [0.98]
 640		0               0               [0.95]
 641		0               0               [0.98]
 642		0               0               [0.98]
 643		0               0               [0.98]
 644		0               0               [0.99]
 645		0               0               [0.99]
 646		0               0               [0.98]
 647		0               0               [0.99]
 648		0               1               [0.99]
 649		0               0               [0.98]
 650		0               0               [1.00]
 651		0               0               [0.96]
 652		0               1               [0.91]
 653		0               1               [0.92]
 654		0               1               [0.96]
 655		0               1               [0.91]
 656		0               0               [0.94]
 657		0               0               [1.00]
 658		0               1               [0.84]
 659		0               0               [0.98]
 660		0               0               [0.92]
 661		0               0               [0.98]
 662		0               0               [0.98]
 663		0               0               [0.97]
 664		0               0               [1.00]
 665		0               0               [0.94]
 666		0               0               [1.00]
 667		0               0               [0.98]
 668		0               0               [0.97]
 669		0               1               [0.91]
 670		0               0               [0.98]
 671		0               0               [0.97]
 672		0               1               [1.00]
 673		0               0               [0.97]
 674		0               0               [0.98]
 675		0               0               [0.98]
 676		0               0               [0.98]
 677		0               0               [1.00]
 678		0               0               [1.00]
 679		0               0               [0.98]
 680		0               0               [0.98]
 681		0               1               [0.98]
 682		0               0               [1.00]
 683		0               1               [0.92]
 684		0               0               [0.98]
 685		0               0               [0.98]
 686		0               0               [0.98]
 687		0               0               [0.98]
 688		0               0               [1.00]
 689		0               0               [1.00]
 690		0               0               [1.00]
 691		0               0               [0.98]
 692		0               0               [0.98]
 693		0               0               [0.98]
 694		0               0               [0.98]
 695		0               1               [1.00]
 696		0               0               [1.00]
 697		0               0               [1.00]
 698		0               0               [1.00]
 699		0               1               [0.91]
 700		0               1               [0.92]
 701		0               0               [0.98]
 702		0               1               [0.95]
 703		0               0               [0.98]
 704		0               1               [0.95]
 705		0               0               [0.97]
 706		0               0               [0.98]
 707		0               1               [0.93]
 708		0               0               [0.94]
 709		0               0               [0.97]
 710		0               0               [0.98]
 711		0               0               [0.98]
 712		0               0               [0.98]
 713		0               0               [0.98]
 714		0               0               [1.00]
 715		0               1               [0.92]
 716		0               0               [0.92]
 717		0               0               [0.94]
 718		0               0               [0.98]
 719		0               0               [0.98]
 720		0               0               [1.00]
 721		0               0               [0.98]
 722		0               0               [0.98]
 723		0               0               [0.98]
 724		0               0               [0.98]
 725		0               0               [1.00]
 726		0               1               [0.97]
 727		0               0               [0.98]
 728		0               0               [0.98]
 729		0               1               [0.89]
 730		0               0               [1.00]
 731		0               1               [0.86]
 732		0               0               [0.98]
 733		0               0               [0.98]
 734		0               0               [1.00]
 735		0               1               [0.99]
 736		0               0               [0.97]
 737		0               0               [0.97]
 738		0               0               [1.00]
 739		0               0               [0.98]
 740		0               0               [0.98]
 741		0               0               [0.98]
 742		0               0               [1.00]
 743		0               0               [1.00]
 744		0               0               [0.98]
 745		0               0               [0.97]
 746		0               1               [0.95]
 747		0               0               [0.97]
 748		0               0               [0.98]
 749		0               0               [0.97]
 750		0               0               [1.00]
 751		0               0               [0.94]
 752		0               0               [0.95]
 753		0               0               [0.92]
 754		0               0               [0.98]
 755		0               0               [0.98]
 756		0               0               [0.87]
 757		0               0               [0.98]
 758		0               0               [0.98]
 759		0               0               [0.95]
 760		0               0               [1.00]
 761		0               0               [0.94]
 762		0               0               [0.98]
 763		0               0               [0.98]
 764		0               0               [0.98]
 765		0               0               [0.93]
 766		0               0               [0.98]
 767		0               0               [0.98]
 768		0               0               [0.98]
 769		0               0               [0.98]
 770		0               0               [0.98]
 771		0               1               [0.94]
 772		0               0               [1.00]
 773		0               0               [0.98]
 774		0               0               [0.99]
 775		0               0               [0.98]
 776		0               0               [0.98]
 777		0               0               [0.98]
 778		0               0               [0.98]
 779		0               1               [0.95]
 780		0               0               [0.98]
 781		0               0               [0.98]
 782		0               0               [0.95]
 783		0               0               [0.97]
 784		0               0               [0.98]
 785		0               0               [0.98]
 786		0               1               [0.92]
 787		0               0               [0.98]
 788		0               0               [0.98]
 789		0               0               [0.88]
 790		0               0               [1.00]
 791		0               0               [1.00]
 792		0               1               [0.92]
 793		0               0               [1.00]
 794		0               0               [0.98]
 795		0               0               [0.98]
 796		0               0               [0.98]
 797		0               0               [0.98]
 798		0               0               [0.98]
 799		0               0               [0.98]
 800		0               0               [0.98]
 801		0               1               [0.93]
 802		0               0               [1.00]
 803		0               0               [1.00]
 804		0               0               [0.98]
 805		0               0               [0.98]
 806		0               0               [0.98]
 807		0               1               [0.91]
 808		0               0               [1.00]
 809		0               0               [0.99]
 810		0               1               [0.93]
 811		0               0               [0.97]
 812		0               0               [0.71]
 813		0               0               [0.98]
 814		0               0               [1.00]
 815		0               0               [0.98]
 816		0               0               [0.95]
 817		0               0               [0.98]
 818		0               0               [0.92]
 819		0               0               [0.98]
 820		0               0               [0.97]
 821		0               1               [0.95]
 822		0               0               [0.98]
 823		0               0               [0.98]
 824		0               0               [1.00]
 825		0               0               [0.98]
 826		0               0               [0.98]
 827		0               0               [0.90]
 828		0               0               [0.97]
 829		0               1               [0.67]
 830		0               1               [0.98]
 831		0               0               [0.98]
 832		0               0               [0.98]
 833		0               0               [0.98]
 834		0               0               [0.98]
 835		0               0               [0.98]
 836		0               0               [1.00]
 837		0               1               [0.90]
 838		0               0               [0.98]
 839		0               0               [0.98]
 840		0               0               [0.98]
 841		0               0               [0.95]
 842		0               0               [0.99]
 843		0               0               [0.98]
 844		0               0               [1.00]
 845		0               0               [0.95]
 846		0               0               [0.97]
 847		0               0               [0.97]
 848		0               0               [0.98]
 849		0               0               [0.98]
 850		0               0               [0.87]
 851		0               1               [0.87]
 852		0               1               [0.99]
 853		0               1               [0.91]
 854		0               0               [0.98]
 855		0               0               [0.98]
 856		0               0               [0.87]
 857		0               0               [0.98]
 858		0               0               [0.98]
 859		0               0               [1.00]
 860		0               0               [1.00]
 861		0               0               [1.00]
 862		0               0               [0.98]
 863		0               0               [0.98]
 864		0               0               [1.00]
 865		0               0               [1.00]
 866		0               0               [0.99]
 867		0               0               [0.98]
 868		0               0               [0.98]
 869		0               0               [0.99]
 870		0               0               [0.98]
 871		0               1               [0.92]
 872		0               0               [0.98]
 873		0               0               [0.98]
 874		0               0               [0.98]
 875		0               0               [0.98]
 876		0               1               [0.93]
 877		0               0               [0.94]
 878		0               0               [1.00]
 879		0               0               [0.98]
 880		0               0               [0.93]
 881		0               1               [0.92]
 882		0               0               [0.99]
 883		0               0               [0.97]
 884		0               1               [0.91]
 885		0               0               [0.95]
 886		0               1               [0.91]
 887		0               0               [0.98]
 888		0               0               [0.98]
 889		0               0               [0.98]
 890		0               1               [0.87]
 891		0               0               [0.98]
 892		0               0               [0.99]
 893		0               0               [1.00]
 894		0               0               [0.98]
 895		0               1               [0.93]
 896		0               0               [1.00]
 897		0               0               [0.97]
 898		0               1               [0.89]
 899		0               0               [0.98]
 900		0               0               [0.98]
 901		0               0               [1.00]
 902		0               0               [1.00]
 903		0               0               [0.98]
 904		0               0               [0.98]
 905		0               0               [0.95]
 906		0               0               [0.98]
 907		0               0               [0.97]
 908		0               0               [0.98]
 909		0               0               [1.00]
 910		0               0               [0.97]
 911		0               0               [0.98]
 912		0               0               [0.98]
 913		0               0               [0.98]
 914		0               0               [0.97]
 915		0               0               [0.98]
 916		0               0               [0.98]
 917		0               0               [1.00]
 918		0               0               [1.00]
 919		0               0               [0.98]
 920		0               0               [0.98]
 921		0               0               [0.98]
 922		0               0               [0.98]
 923		0               0               [0.98]
 924		0               1               [0.91]
 925		0               0               [1.00]
 926		0               0               [0.99]
 927		0               0               [1.00]
 928		0               0               [0.98]
 929		0               0               [0.98]
 930		0               0               [1.00]
 931		0               0               [0.95]
 932		0               0               [0.98]
 933		0               0               [0.98]
 934		0               0               [0.95]
 935		0               0               [0.98]
 936		0               0               [1.00]
 937		0               0               [0.98]
 938		0               0               [1.00]
 939		0               0               [0.98]
 940		0               0               [1.00]
 941		0               0               [0.98]
 942		0               0               [0.98]
 943		0               0               [0.98]
 944		0               0               [0.98]
 945		0               0               [1.00]
 946		0               0               [0.98]
 947		0               0               [0.98]
 948		0               0               [0.98]
 949		0               0               [0.98]
 950		0               0               [0.98]
 951		0               0               [1.00]
 952		0               1               [0.99]
 953		0               0               [0.98]
 954		0               0               [0.99]
 955		0               0               [0.98]
 956		0               0               [0.98]
 957		0               0               [0.98]
 958		0               1               [0.94]
 959		0               0               [0.98]
 960		0               1               [0.91]
 961		0               0               [0.98]
 962		0               0               [1.00]
 963		0               0               [0.98]
 964		0               0               [0.87]
 965		0               1               [0.92]
 966		0               0               [0.97]
 967		0               0               [0.98]
 968		0               0               [1.00]
 969		0               0               [0.98]
 970		0               0               [1.00]
 971		0               0               [0.98]
 972		0               0               [0.98]
 973		0               0               [0.98]
 974		0               0               [0.98]
 975		0               0               [0.90]
 976		0               0               [0.98]
 977		0               0               [0.98]
 978		0               0               [0.98]
 979		0               1               [0.91]
 980		0               0               [0.98]
 981		0               0               [0.98]
 982		0               0               [0.98]
 983		0               0               [0.95]
 984		0               0               [0.98]
 985		0               1               [0.79]
 986		0               0               [0.98]
 987		0               0               [1.00]
 988		0               0               [0.98]
 989		0               1               [0.92]
 990		0               1               [0.94]
 991		0               0               [0.92]
 992		0               0               [1.00]
 993		0               0               [0.98]
 994		0               0               [0.99]
 995		0               0               [0.92]
 996		0               0               [0.98]
 997		0               0               [0.98]
 998		0               1               [0.96]
 999		0               0               [0.95]
1000		0               0               [0.98]
1001		0               0               [1.00]
1002		0               1               [0.97]
1003		0               0               [0.98]
1004		0               0               [0.98]
1005		0               0               [1.00]
1006		0               0               [0.95]
1007		0               0               [0.98]
1008		0               0               [0.87]
1009		0               1               [0.90]
1010		0               0               [0.98]
1011		0               0               [0.98]
1012		0               0               [0.98]
1013		0               0               [0.97]
1014		0               0               [1.00]
1015		0               1               [1.00]
1016		0               0               [0.98]
1017		0               0               [1.00]
1018		0               0               [0.98]
1019		0               1               [0.98]
1020		0               1               [0.93]
1021		0               0               [1.00]
1022		0               0               [0.98]
1023		0               0               [0.88]
1024		0               0               [1.00]
1025		0               0               [0.97]
1026		0               0               [0.98]
1027		0               0               [0.98]
1028		0               0               [0.97]
1029		0               1               [0.67]
1030		0               0               [0.98]
1031		0               0               [0.95]
1032		0               0               [0.99]
1033		0               1               [0.67]
1034		0               0               [0.98]
1035		0               0               [1.00]
1036		0               0               [0.95]
1037		0               0               [1.00]
1038		0               0               [0.98]
1039		0               0               [0.98]
1040		0               0               [0.98]
1041		0               0               [0.98]
1042		0               0               [0.98]
1043		0               0               [0.98]
1044		0               1               [0.91]
1045		0               0               [1.00]
1046		0               0               [1.00]
1047		0               0               [0.98]
1048		0               0               [0.98]
1049		0               0               [0.98]
1050		0               1               [0.92]
1051		0               0               [0.98]
1052		0               0               [0.98]
1053		0               0               [0.98]
1054		0               0               [1.00]
1055		0               0               [1.00]
1056		0               0               [0.98]
1057		0               0               [0.97]
1058		0               0               [0.98]
1059		0               0               [0.99]
1060		0               0               [0.98]
1061		0               1               [0.91]
1062		0               0               [1.00]
1063		0               0               [0.99]
1064		0               0               [0.98]
1065		0               0               [0.87]
1066		0               0               [0.98]
1067		0               0               [0.98]
1068		0               0               [0.98]
1069		0               0               [0.98]
1070		0               0               [0.97]
1071		0               0               [0.98]
1072		0               0               [0.98]
1073		0               0               [0.98]
1074		0               0               [0.98]
1075		0               0               [0.98]
1076		0               1               [0.96]
1077		0               1               [0.99]
1078		0               0               [0.98]
1079		0               0               [1.00]
1080		0               0               [0.98]
1081		0               1               [0.96]
1082		0               0               [0.98]
1083		0               0               [0.98]
1084		0               0               [0.97]
1085		0               0               [0.98]
1086		0               0               [0.98]
1087		0               0               [1.00]
1088		0               0               [1.00]
1089		0               0               [0.98]
1090		0               0               [0.98]
1091		0               0               [0.98]
1092		0               1               [0.94]
1093		0               1               [0.90]
1094		0               0               [0.97]
1095		0               0               [0.98]
1096		0               0               [0.98]
1097		0               1               [0.94]
1098		0               1               [0.88]
1099		0               0               [0.98]
1100		0               0               [0.98]
1101		0               0               [0.98]
1102		0               1               [0.92]
1103		0               1               [0.91]
1104		0               0               [0.98]
1105		0               0               [0.94]
1106		0               0               [0.98]
1107		0               0               [0.98]
1108		0               0               [0.98]
1109		0               1               [0.84]
1110		0               0               [0.98]
1111		0               0               [0.95]
1112		0               0               [0.98]
1113		0               0               [0.98]
1114		0               0               [0.89]
1115		0               0               [0.98]
1116		0               0               [0.98]
1117		0               0               [0.98]
1118		0               0               [1.00]
1119		0               0               [0.97]
1120		0               0               [1.00]
1121		0               1               [0.98]
1122		0               0               [1.00]
1123		0               0               [0.98]
1124		0               0               [1.00]
1125		0               0               [0.98]
1126		0               0               [0.98]
1127		0               0               [1.00]
1128		0               0               [1.00]
1129		0               0               [0.97]
1130		0               1               [0.69]
1131		0               1               [0.95]
1132		0               0               [0.97]
1133		0               0               [0.98]
1134		0               0               [0.97]
1135		0               1               [0.90]
1136		0               0               [0.97]
1137		0               0               [0.97]
1138		0               0               [1.00]
1139		0               0               [0.98]
1140		0               0               [0.95]
1141		0               0               [0.98]
1142		0               0               [0.98]
1143		0               0               [0.98]
1144		0               0               [1.00]
1145		0               0               [1.00]
1146		0               1               [0.93]
1147		0               0               [0.98]
1148		0               0               [1.00]
1149		0               0               [1.00]
1150		0               0               [0.97]
1151		0               0               [0.97]
1152		0               0               [0.98]
1153		0               0               [0.97]
1154		0               0               [0.98]
1155		0               0               [0.97]
1156		0               0               [0.98]
1157		0               0               [0.98]
1158		0               0               [0.98]
1159		0               0               [0.98]
1160		0               0               [0.98]
1161		0               1               [0.99]
1162		0               0               [0.98]
1163		0               0               [0.98]
1164		0               0               [0.98]
1165		0               0               [0.97]
1166		0               0               [0.98]
1167		0               0               [0.97]
1168		0               0               [0.97]
1169		0               1               [0.91]
1170		0               0               [0.98]
1171		0               0               [0.97]
1172		0               1               [0.97]
1173		0               0               [0.98]
1174		0               1               [0.98]
1175		0               0               [0.97]
1176		0               0               [0.97]
1177		0               0               [0.98]
1178		0               1               [0.86]
1179		0               1               [0.97]
1180		0               0               [0.95]
1181		0               0               [0.97]
1182		0               0               [1.00]
1183		0               0               [0.99]
1184		0               0               [1.00]
1185		0               0               [0.95]
1186		0               1               [0.91]
1187		0               0               [0.98]
1188		0               0               [0.98]
1189		0               0               [0.93]
1190		0               0               [0.98]
1191		0               0               [0.98]
1192		0               0               [0.98]
1193		0               0               [0.98]
1194		0               0               [1.00]
1195		0               0               [0.98]
1196		0               0               [0.98]
1197		0               0               [0.98]
1198		0               0               [1.00]
1199		0               1               [0.98]
1200		0               0               [0.98]
1201		0               1               [1.00]
1202		0               0               [0.98]
1203		0               1               [0.91]
1204		0               0               [0.99]
1205		0               0               [1.00]
1206		0               0               [0.99]
1207		0               0               [0.97]
1208		0               1               [0.86]
1209		0               0               [0.97]
1210		0               0               [0.97]
1211		0               1               [0.92]
1212		0               0               [0.98]
1213		0               0               [0.98]
1214		0               0               [0.98]
1215		0               0               [1.00]
1216		0               1               [0.92]
1217		0               0               [1.00]
1218		0               0               [0.98]
1219		0               1               [0.99]
1220		0               0               [1.00]
1221		0               0               [1.00]
1222		0               0               [1.00]
1223		0               0               [0.99]
1224		0               0               [0.97]
1225		0               0               [0.98]
1226		0               1               [0.67]
1227		0               0               [0.97]
1228		0               0               [0.97]
1229		0               0               [0.97]
1230		0               0               [0.98]
1231		0               0               [0.98]
1232		0               0               [0.99]
1233		0               0               [0.87]
1234		0               0               [0.98]
1235		0               0               [0.98]
1236		0               0               [1.00]
1237		0               0               [1.00]
1238		0               1               [0.95]
1239		0               0               [0.92]
1240		0               0               [0.98]
1241		0               0               [0.98]
1242		0               0               [0.88]
1243		0               1               [0.98]
1244		0               0               [0.95]
1245		0               0               [0.95]
1246		0               0               [1.00]
