Case		Given		Predicted
 No		Class		Class

   1		1               1               [0.95]
   2		1               1               [0.95]
   3		1               1               [0.94]
   4		1               1               [0.90]
   5		1               1               [0.94]
   6		1               1               [0.84]
   7		1               1               [0.99]
   8		1               1               [0.98]
   9		1               1               [0.91]
  10		1               1               [0.94]
  11		1               1               [0.94]
  12		1               1               [0.94]
  13		1               1               [0.94]
  14		1               1               [0.98]
  15		1               1               [0.95]
  16		1               1               [0.98]
  17		1               0               [0.97]
  18		1               1               [0.95]
  19		1               0               [0.96]
  20		1               1               [0.98]
  21		1               1               [0.99]
  22		1               1               [0.94]
  23		1               1               [0.94]
  24		1               0               [0.98]
  25		1               1               [0.94]
  26		1               0               [0.98]
  27		1               0               [0.98]
  28		1               0               [0.98]
  29		1               0               [0.94]
  30		1               0               [0.97]
  31		1               1               [0.98]
  32		1               0               [0.87]
  33		1               1               [0.94]
  34		1               1               [0.94]
  35		1               1               [0.98]
  36		1               1               [0.96]
  37		1               1               [0.98]
  38		1               1               [0.98]
  39		1               0               [0.92]
  40		1               1               [0.95]
  41		1               1               [0.99]
  42		1               1               [0.90]
  43		1               1               [0.99]
  44		1               1               [0.99]
  45		1               1               [0.92]
  46		1               1               [0.99]
  47		1               1               [0.95]
  48		1               0               [0.96]
  49		1               1               [0.98]
  50		1               1               [0.94]
  51		1               1               [0.94]
  52		1               1               [0.94]
  53		1               1               [0.96]
  54		1               1               [0.94]
  55		1               1               [0.94]
  56		1               1               [0.99]
  57		1               1               [0.99]
  58		1               1               [0.90]
  59		1               1               [0.99]
  60		1               0               [0.94]
  61		1               1               [0.94]
  62		1               1               [0.94]
  63		1               1               [0.94]
  64		1               1               [0.94]
  65		1               1               [0.98]
  66		1               1               [0.98]
  67		1               1               [0.96]
  68		1               0               [0.99]
  69		1               1               [0.90]
  70		1               0               [0.93]
  71		1               1               [0.96]
  72		1               0               [0.95]
  73		1               1               [0.87]
  74		1               1               [0.97]
  75		1               1               [0.96]
  76		1               1               [0.95]
  77		1               1               [0.99]
  78		1               1               [0.91]
  79		1               1               [0.95]
  80		1               0               [0.97]
  81		1               1               [0.99]
  82		1               1               [0.92]
  83		1               1               [0.91]
  84		1               1               [0.98]
  85		1               1               [0.97]
  86		1               1               [0.95]
  87		1               0               [0.96]
  88		1               1               [0.98]
  89		1               1               [0.84]
  90		1               1               [0.97]
  91		1               1               [0.97]
  92		1               0               [0.97]
  93		1               0               [0.97]
  94		1               0               [0.97]
  95		1               1               [0.92]
  96		1               1               [0.91]
  97		1               1               [0.98]
  98		1               1               [0.97]
  99		1               0               [0.93]
 100		1               1               [0.95]
 101		1               1               [0.93]
 102		1               1               [0.95]
 103		1               1               [0.96]
 104		1               0               [1.00]
 105		1               0               [0.96]
 106		1               1               [0.99]
 107		1               0               [0.95]
 108		1               1               [0.95]
 109		1               1               [0.90]
 110		1               1               [0.95]
 111		1               1               [0.91]
 112		1               1               [0.89]
 113		1               1               [0.98]
 114		1               1               [0.98]
 115		1               0               [0.98]
 116		1               1               [0.92]
 117		1               1               [0.95]
 118		1               1               [0.96]
 119		1               1               [0.96]
 120		1               0               [0.99]
 121		1               1               [0.95]
 122		1               1               [0.95]
 123		1               0               [0.91]
 124		1               1               [0.98]
 125		1               1               [0.91]
 126		1               0               [0.98]
 127		1               1               [0.91]
 128		1               1               [0.94]
 129		1               1               [0.92]
 130		1               1               [0.91]
 131		1               1               [0.99]
 132		1               1               [0.95]
 133		1               1               [0.95]
 134		1               0               [0.96]
 135		1               1               [0.98]
 136		1               1               [0.96]
 137		1               1               [0.91]
 138		1               1               [0.98]
 139		1               1               [0.95]
 140		1               1               [0.84]
 141		1               1               [0.91]
 142		1               1               [0.95]
 143		1               1               [0.69]
 144		1               1               [0.97]
 145		1               0               [0.97]
 146		1               1               [0.99]
 147		1               1               [0.98]
 148		1               1               [0.95]
 149		1               0               [0.92]
 150		1               1               [0.95]
 151		1               1               [0.99]
 152		1               1               [0.97]
 153		1               1               [0.93]
 154		1               1               [0.93]
 155		1               1               [0.93]
 156		1               0               [0.99]
 157		1               1               [0.95]
 158		1               1               [0.97]
 159		1               1               [0.95]
 160		1               1               [0.95]
 161		1               1               [0.94]
 162		1               1               [0.93]
 163		1               1               [0.99]
 164		1               1               [0.94]
 165		1               0               [0.96]
 166		1               1               [0.95]
 167		1               0               [0.96]
 168		1               1               [0.99]
 169		1               0               [0.99]
 170		1               1               [0.95]
 171		1               1               [0.84]
 172		1               1               [0.95]
 173		1               1               [0.98]
 174		1               0               [0.91]
 175		1               1               [0.98]
 176		1               1               [0.97]
 177		1               0               [0.92]
 178		1               1               [0.95]
 179		1               1               [0.95]
 180		1               1               [0.97]
 181		1               1               [0.97]
 182		1               0               [0.95]
 183		1               1               [0.84]
 184		1               0               [0.92]
 185		1               0               [0.88]
 186		1               1               [0.99]
 187		1               1               [0.97]
 188		1               1               [0.99]
 189		1               1               [0.97]
 190		1               1               [0.97]
 191		1               1               [0.97]
 192		1               1               [0.92]
 193		1               1               [0.97]
 194		1               1               [0.91]
 195		1               1               [0.92]
 196		1               0               [0.97]
 197		1               1               [0.95]
 198		1               1               [0.95]
 199		1               1               [0.95]
 200		1               1               [0.96]
 201		1               0               [0.95]
 202		1               1               [0.97]
 203		1               1               [0.91]
 204		1               1               [0.90]
 205		1               1               [0.95]
 206		1               1               [0.99]
 207		1               1               [0.98]
 208		1               1               [0.91]
 209		1               0               [0.99]
 210		1               1               [0.91]
 211		1               1               [0.99]
 212		1               1               [0.96]
 213		1               1               [0.98]
 214		1               1               [0.99]
 215		1               1               [0.89]
 216		1               1               [0.89]
 217		1               0               [0.96]
 218		1               1               [0.69]
 219		1               1               [0.95]
 220		1               1               [0.99]
 221		1               1               [0.99]
 222		1               1               [0.99]
 223		1               1               [0.95]
 224		1               1               [0.91]
 225		1               1               [0.96]
 226		1               1               [0.98]
 227		1               1               [0.86]
 228		1               1               [0.97]
 229		1               0               [0.92]
 230		1               1               [0.97]
 231		1               0               [0.97]
 232		1               1               [0.98]
 233		1               1               [0.90]
 234		1               1               [0.99]
 235		1               0               [0.92]
 236		1               1               [0.99]
 237		1               0               [0.97]
 238		1               1               [0.99]
 239		1               0               [0.92]
 240		1               1               [0.95]
 241		1               1               [0.97]
 242		1               1               [0.91]
 243		1               1               [0.91]
 244		1               1               [0.97]
 245		1               1               [0.94]
 246		1               0               [0.93]
 247		1               1               [0.99]
 248		1               0               [0.98]
 249		1               1               [0.97]
 250		1               1               [0.95]
 251		1               1               [0.99]
 252		1               0               [0.96]
 253		1               1               [0.95]
 254		1               1               [0.90]
 255		1               1               [0.91]
 256		1               1               [0.97]
 257		1               1               [0.95]
 258		1               1               [0.95]
 259		1               1               [0.90]
 260		1               0               [0.96]
 261		1               1               [0.98]
 262		1               1               [0.94]
 263		1               1               [0.92]
 264		1               1               [0.95]
 265		1               1               [0.97]
 266		1               1               [0.94]
 267		1               1               [0.91]
 268		1               1               [0.99]
 269		1               1               [0.90]
 270		1               0               [0.96]
 271		1               1               [0.99]
 272		1               1               [0.95]
 273		1               1               [0.96]
 274		1               0               [0.98]
 275		1               0               [0.99]
 276		1               1               [0.97]
 277		1               0               [0.96]
 278		1               1               [0.95]
 279		1               1               [0.97]
 280		1               0               [0.98]
 281		1               1               [0.99]
 282		1               1               [0.95]
 283		1               1               [0.95]
 284		1               1               [0.90]
 285		1               1               [0.99]
 286		1               1               [0.92]
 287		1               1               [0.90]
 288		1               1               [0.97]
 289		1               1               [0.94]
 290		1               1               [0.91]
 291		1               1               [0.91]
 292		1               1               [0.99]
 293		1               1               [0.94]
 294		1               0               [0.91]
 295		1               0               [0.87]
 296		1               1               [0.95]
 297		1               1               [0.93]
 298		1               1               [0.99]
 299		1               0               [0.98]
 300		1               1               [0.97]
 301		1               1               [0.91]
 302		1               1               [0.90]
 303		1               1               [0.97]
 304		1               1               [0.99]
 305		1               1               [0.98]
 306		1               1               [0.96]
 307		1               1               [0.98]
 308		1               1               [0.97]
 309		1               1               [0.97]
 310		1               1               [0.99]
 311		1               1               [0.95]
 312		1               1               [0.90]
 313		1               1               [0.98]
 314		1               0               [0.96]
 315		1               1               [0.84]
 316		1               1               [0.90]
 317		1               1               [0.99]
 318		1               1               [0.95]
 319		1               1               [0.94]
 320		1               0               [0.95]
 321		1               1               [0.95]
 322		1               1               [0.91]
 323		1               0               [0.96]
 324		1               0               [0.96]
 325		1               1               [0.95]
 326		1               0               [0.98]
 327		1               1               [0.95]
 328		1               0               [0.96]
 329		1               0               [0.93]
 330		1               1               [0.98]
 331		1               0               [0.97]
 332		1               0               [0.94]
 333		1               1               [0.94]
 334		1               1               [0.98]
 335		1               1               [0.98]
 336		1               0               [0.95]
 337		1               1               [0.97]
 338		1               1               [0.99]
 339		1               1               [0.95]
 340		1               1               [0.93]
 341		1               1               [0.96]
 342		1               1               [0.95]
 343		1               1               [0.99]
 344		1               1               [0.97]
 345		1               0               [0.99]
 346		1               1               [0.95]
 347		1               0               [0.98]
 348		1               1               [0.90]
 349		1               1               [0.95]
 350		1               1               [0.94]
 351		1               1               [0.99]
 352		1               1               [0.99]
 353		1               0               [0.99]
 354		1               0               [0.99]
 355		1               1               [0.92]
 356		0               1               [0.97]
 357		0               1               [0.91]
 358		0               0               [0.92]
 359		0               0               [0.92]
 360		0               1               [0.96]
 361		0               1               [0.82]
 362		0               0               [0.96]
 363		0               0               [0.99]
 364		0               0               [1.00]
 365		0               0               [0.98]
 366		0               0               [0.99]
 367		0               0               [0.99]
 368		0               0               [0.99]
 369		0               0               [0.99]
 370		0               0               [0.96]
 371		0               0               [0.99]
 372		0               0               [0.99]
 373		0               0               [0.99]
 374		0               0               [1.00]
 375		0               0               [0.99]
 376		0               0               [1.00]
 377		0               1               [0.95]
 378		0               0               [1.00]
 379		0               0               [0.99]
 380		0               0               [0.99]
 381		0               0               [0.92]
 382		0               0               [0.98]
 383		0               0               [0.96]
 384		0               0               [0.96]
 385		0               0               [0.96]
 386		0               0               [0.99]
 387		0               1               [0.98]
 388		0               0               [0.81]
 389		0               0               [0.98]
 390		0               0               [0.94]
 391		0               0               [0.94]
 392		0               1               [0.97]
 393		0               1               [0.84]
 394		0               0               [0.99]
 395		0               0               [0.99]
 396		0               0               [0.99]
 397		0               0               [0.99]
 398		0               0               [0.99]
 399		0               1               [0.98]
 400		0               0               [1.00]
 401		0               1               [0.92]
 402		0               0               [0.93]
 403		0               0               [0.99]
 404		0               1               [0.98]
 405		0               0               [0.99]
 406		0               0               [0.96]
 407		0               0               [0.99]
 408		0               0               [0.81]
 409		0               0               [0.99]
 410		0               0               [0.99]
 411		0               0               [0.99]
 412		0               0               [0.90]
 413		0               0               [0.96]
 414		0               0               [0.99]
 415		0               0               [0.99]
 416		0               0               [0.99]
 417		0               0               [0.96]
 418		0               0               [0.99]
 419		0               0               [0.99]
 420		0               0               [0.92]
 421		0               0               [0.98]
 422		0               0               [0.99]
 423		0               1               [0.97]
 424		0               0               [0.99]
 425		0               0               [1.00]
 426		0               0               [0.97]
 427		0               0               [0.94]
 428		0               0               [0.98]
 429		0               0               [1.00]
 430		0               1               [0.95]
 431		0               0               [1.00]
 432		0               0               [1.00]
 433		0               0               [0.96]
 434		0               1               [0.90]
 435		0               0               [0.97]
 436		0               0               [0.99]
 437		0               0               [0.99]
 438		0               0               [0.99]
 439		0               0               [0.99]
 440		0               0               [0.99]
 441		0               0               [1.00]
 442		0               0               [0.99]
 443		0               0               [0.99]
 444		0               0               [0.95]
 445		0               0               [0.99]
 446		0               1               [0.98]
 447		0               0               [0.99]
 448		0               0               [0.99]
 449		0               0               [0.86]
 450		0               0               [0.99]
 451		0               1               [0.98]
 452		0               0               [0.99]
 453		0               0               [0.98]
 454		0               0               [0.99]
 455		0               0               [0.99]
 456		0               0               [0.98]
 457		0               0               [0.99]
 458		0               0               [0.91]
 459		0               1               [0.98]
 460		0               0               [0.98]
 461		0               0               [0.97]
 462		0               0               [1.00]
 463		0               0               [1.00]
 464		0               0               [0.99]
 465		0               0               [0.96]
 466		0               0               [0.99]
 467		0               0               [0.99]
 468		0               0               [0.99]
 469		0               1               [0.98]
 470		0               1               [0.98]
 471		0               0               [0.99]
 472		0               1               [0.84]
 473		0               1               [0.98]
 474		0               1               [0.82]
 475		0               0               [1.00]
 476		0               0               [0.95]
 477		0               1               [0.84]
 478		0               0               [0.91]
 479		0               0               [0.98]
 480		0               0               [0.98]
 481		0               1               [0.98]
 482		0               0               [0.99]
 483		0               0               [0.93]
 484		0               0               [0.99]
 485		0               0               [0.95]
 486		0               1               [0.94]
 487		0               0               [1.00]
 488		0               0               [0.95]
 489		0               0               [1.00]
 490		0               0               [0.99]
 491		0               0               [0.99]
 492		0               0               [0.99]
 493		0               0               [0.99]
 494		0               0               [0.99]
 495		0               0               [1.00]
 496		0               0               [0.95]
 497		0               0               [0.99]
 498		0               0               [1.00]
 499		0               0               [0.99]
 500		0               0               [0.99]
 501		0               0               [0.99]
 502		0               0               [0.93]
 503		0               0               [0.95]
 504		0               0               [1.00]
 505		0               0               [0.98]
 506		0               0               [0.97]
 507		0               0               [0.98]
 508		0               0               [0.99]
 509		0               0               [1.00]
 510		0               0               [0.93]
 511		0               0               [0.99]
 512		0               0               [0.98]
 513		0               1               [0.97]
 514		0               0               [0.98]
 515		0               1               [0.92]
 516		0               0               [0.99]
 517		0               0               [0.93]
 518		0               0               [1.00]
 519		0               0               [0.99]
 520		0               0               [0.99]
 521		0               0               [1.00]
 522		0               0               [0.93]
 523		0               0               [0.99]
 524		0               0               [0.92]
 525		0               0               [0.99]
 526		0               0               [1.00]
 527		0               0               [0.99]
 528		0               0               [0.97]
 529		0               0               [0.99]
 530		0               0               [0.99]
 531		0               0               [0.99]
 532		0               0               [0.99]
 533		0               0               [0.98]
 534		0               0               [0.99]
 535		0               0               [0.99]
 536		0               0               [0.99]
 537		0               0               [1.00]
 538		0               0               [0.98]
 539		0               1               [0.84]
 540		0               0               [0.98]
 541		0               0               [1.00]
 542		0               1               [0.86]
 543		0               0               [0.98]
 544		0               0               [0.97]
 545		0               0               [0.99]
 546		0               1               [0.94]
 547		0               0               [0.97]
 548		0               0               [1.00]
 549		0               0               [1.00]
 550		0               1               [0.91]
 551		0               0               [0.99]
 552		0               0               [0.97]
 553		0               0               [0.99]
 554		0               0               [0.99]
 555		0               1               [0.88]
 556		0               0               [0.99]
 557		0               0               [1.00]
 558		0               0               [0.99]
 559		0               0               [1.00]
 560		0               0               [0.98]
 561		0               0               [0.98]
 562		0               1               [0.98]
 563		0               0               [0.99]
 564		0               0               [1.00]
 565		0               0               [0.99]
 566		0               0               [1.00]
 567		0               0               [0.95]
 568		0               0               [0.99]
 569		0               0               [0.99]
 570		0               0               [1.00]
 571		0               1               [0.98]
 572		0               0               [1.00]
 573		0               1               [0.83]
 574		0               0               [0.99]
 575		0               0               [0.99]
 576		0               1               [0.89]
 577		0               0               [0.92]
 578		0               0               [0.99]
 579		0               0               [0.99]
 580		0               0               [0.99]
 581		0               0               [1.00]
 582		0               0               [0.99]
 583		0               0               [0.99]
 584		0               0               [0.96]
 585		0               0               [0.99]
 586		0               1               [0.98]
 587		0               0               [0.99]
 588		0               0               [1.00]
 589		0               0               [0.96]
 590		0               0               [0.98]
 591		0               0               [0.93]
 592		0               0               [0.99]
 593		0               1               [0.69]
 594		0               1               [0.97]
 595		0               0               [0.98]
 596		0               0               [0.98]
 597		0               0               [0.99]
 598		0               1               [0.96]
 599		0               1               [0.99]
 600		0               0               [0.98]
 601		0               0               [0.99]
 602		0               0               [0.99]
 603		0               0               [0.99]
 604		0               0               [0.99]
 605		0               0               [0.99]
 606		0               0               [0.99]
 607		0               0               [0.98]
 608		0               0               [0.99]
 609		0               0               [0.98]
 610		0               0               [0.99]
 611		0               0               [0.97]
 612		0               0               [0.99]
 613		0               0               [1.00]
 614		0               0               [0.99]
 615		0               0               [0.96]
 616		0               1               [0.97]
 617		0               1               [0.83]
 618		0               1               [0.97]
 619		0               0               [0.99]
 620		0               0               [0.99]
 621		0               1               [0.94]
 622		0               0               [0.99]
 623		0               0               [1.00]
 624		0               0               [0.99]
 625		0               0               [0.96]
 626		0               0               [0.98]
 627		0               0               [0.99]
 628		0               0               [0.99]
 629		0               0               [0.99]
 630		0               0               [0.98]
 631		0               0               [0.99]
 632		0               0               [0.96]
 633		0               0               [0.91]
 634		0               0               [0.97]
 635		0               0               [0.99]
 636		0               0               [0.99]
 637		0               0               [0.98]
 638		0               0               [1.00]
 639		0               0               [0.99]
 640		0               0               [1.00]
 641		0               0               [0.99]
 642		0               0               [1.00]
 643		0               0               [0.99]
 644		0               0               [0.99]
 645		0               0               [0.94]
 646		0               0               [0.99]
 647		0               0               [0.95]
 648		0               0               [0.92]
 649		0               0               [0.99]
 650		0               0               [0.96]
 651		0               1               [0.90]
 652		0               1               [0.91]
 653		0               1               [0.91]
 654		0               1               [0.94]
 655		0               0               [1.00]
 656		0               0               [0.96]
 657		0               0               [0.99]
 658		0               0               [0.99]
 659		0               0               [0.99]
 660		0               0               [0.98]
 661		0               0               [0.99]
 662		0               0               [0.99]
 663		0               0               [0.99]
 664		0               0               [0.98]
 665		0               0               [1.00]
 666		0               0               [0.99]
 667		0               0               [0.99]
 668		0               0               [0.99]
 669		0               0               [0.96]
 670		0               1               [0.99]
 671		0               0               [0.99]
 672		0               1               [0.92]
 673		0               0               [0.98]
 674		0               0               [0.99]
 675		0               0               [0.99]
 676		0               0               [0.96]
 677		0               0               [0.98]
 678		0               0               [0.96]
 679		0               0               [0.99]
 680		0               0               [0.99]
 681		0               1               [0.91]
 682		0               0               [0.99]
 683		0               0               [0.99]
 684		0               0               [0.97]
 685		0               0               [0.99]
 686		0               0               [0.99]
 687		0               0               [0.99]
 688		0               0               [0.99]
 689		0               0               [0.97]
 690		0               0               [0.99]
 691		0               0               [0.99]
 692		0               0               [0.99]
 693		0               0               [0.96]
 694		0               0               [0.99]
 695		0               1               [0.98]
 696		0               0               [0.99]
 697		0               0               [0.99]
 698		0               0               [0.99]
 699		0               1               [0.98]
 700		0               0               [0.87]
 701		0               1               [0.98]
 702		0               1               [0.98]
 703		0               0               [0.99]
 704		0               1               [0.99]
 705		0               0               [0.99]
 706		0               0               [1.00]
 707		0               0               [0.91]
 708		0               1               [0.97]
 709		0               0               [1.00]
 710		0               0               [0.99]
 711		0               0               [0.99]
 712		0               0               [1.00]
 713		0               0               [0.93]
 714		0               1               [0.82]
 715		0               0               [0.97]
 716		0               0               [0.98]
 717		0               0               [0.99]
 718		0               0               [0.99]
 719		0               0               [0.96]
 720		0               0               [0.97]
 721		0               0               [0.99]
 722		0               0               [0.97]
 723		0               0               [0.99]
 724		0               0               [0.99]
 725		0               0               [0.99]
 726		0               1               [0.99]
 727		0               0               [0.91]
 728		0               0               [0.99]
 729		0               1               [0.88]
 730		0               0               [0.99]
 731		0               0               [0.95]
 732		0               0               [0.98]
 733		0               0               [0.99]
 734		0               0               [0.99]
 735		0               0               [0.98]
 736		0               0               [0.99]
 737		0               0               [0.99]
 738		0               0               [0.99]
 739		0               0               [0.99]
 740		0               0               [0.99]
 741		0               0               [0.93]
 742		0               0               [0.97]
 743		0               0               [0.99]
 744		0               0               [0.99]
 745		0               0               [0.99]
 746		0               0               [0.93]
 747		0               0               [0.99]
 748		0               0               [0.99]
 749		0               0               [0.99]
 750		0               0               [0.99]
 751		0               0               [0.99]
 752		0               0               [0.98]
 753		0               0               [0.91]
 754		0               0               [0.99]
 755		0               0               [0.99]
 756		0               0               [0.91]
 757		0               0               [0.99]
 758		0               0               [0.99]
 759		0               1               [0.97]
 760		0               0               [0.91]
 761		0               0               [0.98]
 762		0               0               [0.99]
 763		0               0               [0.99]
 764		0               0               [0.99]
 765		0               0               [0.99]
 766		0               0               [0.99]
 767		0               0               [0.99]
 768		0               0               [0.99]
 769		0               0               [0.99]
 770		0               0               [0.99]
 771		0               1               [0.99]
 772		0               0               [0.99]
 773		0               0               [0.99]
 774		0               0               [0.96]
 775		0               0               [0.99]
 776		0               0               [0.99]
 777		0               0               [0.99]
 778		0               0               [0.99]
 779		0               0               [0.98]
 780		0               0               [0.97]
 781		0               0               [0.99]
 782		0               0               [0.97]
 783		0               0               [0.97]
 784		0               0               [0.91]
 785		0               0               [0.99]
 786		0               0               [0.99]
 787		0               0               [1.00]
 788		0               0               [0.96]
 789		0               0               [0.97]
 790		0               0               [0.91]
 791		0               0               [0.99]
 792		0               0               [0.92]
 793		0               0               [0.99]
 794		0               0               [0.97]
 795		0               0               [0.99]
 796		0               0               [0.99]
 797		0               0               [0.99]
 798		0               0               [0.99]
 799		0               0               [0.99]
 800		0               0               [0.99]
 801		0               1               [0.99]
 802		0               0               [0.99]
 803		0               0               [0.91]
 804		0               0               [1.00]
 805		0               0               [0.97]
 806		0               0               [0.99]
 807		0               1               [0.86]
 808		0               0               [0.99]
 809		0               1               [0.92]
 810		0               0               [0.88]
 811		0               0               [0.99]
 812		0               1               [0.98]
 813		0               0               [0.99]
 814		0               0               [0.99]
 815		0               0               [0.99]
 816		0               1               [0.84]
 817		0               0               [0.99]
 818		0               0               [0.95]
 819		0               0               [0.99]
 820		0               0               [0.97]
 821		0               0               [0.99]
 822		0               0               [0.99]
 823		0               0               [0.99]
 824		0               0               [0.99]
 825		0               0               [0.99]
 826		0               0               [0.99]
 827		0               0               [0.96]
 828		0               0               [1.00]
 829		0               0               [0.97]
 830		0               0               [0.98]
 831		0               0               [0.98]
 832		0               0               [0.99]
 833		0               0               [0.99]
 834		0               0               [1.00]
 835		0               0               [0.99]
 836		0               0               [0.99]
 837		0               1               [0.96]
 838		0               0               [0.99]
 839		0               0               [0.99]
 840		0               0               [0.99]
 841		0               0               [0.99]
 842		0               1               [0.95]
 843		0               0               [0.93]
 844		0               0               [0.99]
 845		0               0               [0.96]
 846		0               1               [0.98]
 847		0               0               [0.99]
 848		0               0               [0.99]
 849		0               0               [0.99]
 850		0               0               [0.96]
 851		0               1               [0.94]
 852		0               1               [0.95]
 853		0               0               [0.99]
 854		0               1               [0.90]
 855		0               0               [0.99]
 856		0               0               [1.00]
 857		0               0               [0.99]
 858		0               0               [0.99]
 859		0               0               [0.99]
 860		0               0               [0.99]
 861		0               0               [0.99]
 862		0               0               [0.99]
 863		0               0               [0.99]
 864		0               0               [0.99]
 865		0               0               [0.99]
 866		0               0               [0.96]
 867		0               0               [0.99]
 868		0               1               [0.90]
 869		0               1               [0.93]
 870		0               0               [0.99]
 871		0               1               [0.81]
 872		0               0               [0.99]
 873		0               0               [0.99]
 874		0               0               [0.99]
 875		0               0               [0.99]
 876		0               1               [0.99]
 877		0               0               [0.99]
 878		0               0               [0.99]
 879		0               0               [0.99]
 880		0               0               [1.00]
 881		0               1               [0.99]
 882		0               0               [0.98]
 883		0               0               [0.99]
 884		0               0               [0.99]
 885		0               1               [0.99]
 886		0               0               [0.98]
 887		0               0               [0.99]
 888		0               0               [0.97]
 889		0               0               [1.00]
 890		0               0               [1.00]
 891		0               0               [0.99]
 892		0               0               [0.99]
 893		0               0               [0.99]
 894		0               0               [0.96]
 895		0               1               [0.69]
 896		0               0               [0.91]
 897		0               1               [0.94]
 898		0               0               [0.97]
 899		0               0               [0.99]
 900		0               0               [0.99]
 901		0               0               [0.97]
 902		0               0               [0.99]
 903		0               0               [0.97]
 904		0               0               [0.99]
 905		0               0               [0.99]
 906		0               0               [0.99]
 907		0               0               [0.99]
 908		0               0               [0.99]
 909		0               0               [0.99]
 910		0               0               [0.99]
 911		0               0               [0.99]
 912		0               0               [0.97]
 913		0               0               [0.99]
 914		0               0               [0.99]
 915		0               0               [0.99]
 916		0               1               [0.88]
 917		0               0               [0.99]
 918		0               1               [0.98]
 919		0               0               [0.99]
 920		0               0               [0.99]
 921		0               0               [0.99]
 922		0               0               [0.99]
 923		0               0               [0.99]
 924		0               0               [0.99]
 925		0               0               [0.99]
 926		0               0               [0.98]
 927		0               0               [0.99]
 928		0               0               [0.99]
 929		0               0               [1.00]
 930		0               0               [0.97]
 931		0               1               [0.96]
 932		0               0               [0.96]
 933		0               0               [0.99]
 934		0               0               [0.99]
 935		0               0               [0.96]
 936		0               0               [0.99]
 937		0               0               [0.99]
 938		0               0               [0.99]
 939		0               0               [0.99]
 940		0               0               [0.99]
 941		0               0               [0.99]
 942		0               0               [0.99]
 943		0               0               [1.00]
 944		0               0               [0.99]
 945		0               0               [0.99]
 946		0               0               [0.99]
 947		0               0               [0.99]
 948		0               0               [0.97]
 949		0               0               [0.98]
 950		0               0               [1.00]
 951		0               0               [0.99]
 952		0               0               [0.98]
 953		0               0               [0.99]
 954		0               0               [0.98]
 955		0               0               [0.99]
 956		0               0               [1.00]
 957		0               0               [0.99]
 958		0               1               [0.94]
 959		0               0               [0.97]
 960		0               1               [0.99]
 961		0               0               [0.99]
 962		0               0               [0.99]
 963		0               0               [0.90]
 964		0               0               [0.91]
 965		0               1               [0.98]
 966		0               0               [0.99]
 967		0               0               [0.99]
 968		0               0               [0.99]
 969		0               0               [0.99]
 970		0               0               [0.99]
 971		0               0               [0.99]
 972		0               1               [0.97]
 973		0               0               [0.99]
 974		0               0               [0.99]
 975		0               0               [0.99]
 976		0               0               [0.99]
 977		0               0               [0.99]
 978		0               0               [0.99]
 979		0               0               [0.97]
 980		0               0               [0.99]
 981		0               0               [0.99]
 982		0               0               [0.91]
 983		0               0               [0.99]
 984		0               0               [0.97]
 985		0               0               [0.99]
 986		0               0               [0.99]
 987		0               0               [0.99]
 988		0               0               [0.99]
 989		0               0               [0.99]
 990		0               0               [0.97]
 991		0               0               [0.99]
 992		0               0               [0.99]
 993		0               0               [0.99]
 994		0               0               [1.00]
 995		0               0               [0.99]
 996		0               0               [0.99]
 997		0               0               [0.97]
 998		0               0               [0.98]
 999		0               0               [0.95]
1000		0               0               [0.99]
1001		0               0               [0.99]
1002		0               0               [1.00]
1003		0               0               [0.99]
1004		0               0               [0.99]
1005		0               0               [0.99]
1006		0               0               [0.99]
1007		0               0               [0.99]
1008		0               0               [0.91]
1009		0               0               [0.96]
1010		0               0               [0.99]
1011		0               0               [0.99]
1012		0               0               [0.99]
1013		0               0               [0.97]
1014		0               0               [0.99]
1015		0               0               [0.99]
1016		0               0               [0.89]
1017		0               0               [0.99]
1018		0               0               [0.99]
1019		0               1               [0.92]
1020		0               0               [0.93]
1021		0               0               [0.99]
1022		0               0               [0.99]
1023		0               1               [0.91]
1024		0               0               [0.99]
1025		0               0               [0.97]
1026		0               0               [0.99]
1027		0               1               [0.86]
1028		0               1               [0.91]
1029		0               0               [0.99]
1030		0               0               [0.99]
1031		0               0               [1.00]
1032		0               1               [0.81]
1033		0               0               [0.98]
1034		0               0               [0.99]
1035		0               0               [0.99]
1036		0               0               [0.91]
1037		0               0               [0.99]
1038		0               0               [0.99]
1039		0               0               [0.99]
1040		0               0               [0.99]
1041		0               0               [0.99]
1042		0               0               [0.99]
1043		0               0               [0.99]
1044		0               0               [0.96]
1045		0               0               [0.99]
1046		0               0               [0.99]
1047		0               0               [0.99]
1048		0               0               [0.99]
1049		0               0               [0.99]
1050		0               0               [0.99]
1051		0               0               [0.91]
1052		0               0               [0.99]
1053		0               0               [0.97]
1054		0               0               [0.97]
1055		0               0               [0.99]
1056		0               1               [0.98]
1057		0               1               [0.97]
1058		0               0               [0.99]
1059		0               1               [0.98]
1060		0               0               [0.98]
1061		0               1               [0.97]
1062		0               0               [0.99]
1063		0               0               [0.99]
1064		0               0               [0.96]
1065		0               0               [0.99]
1066		0               0               [0.99]
1067		0               0               [0.96]
1068		0               0               [1.00]
1069		0               0               [0.99]
1070		0               0               [0.99]
1071		0               0               [0.99]
1072		0               0               [0.99]
1073		0               0               [0.99]
1074		0               0               [0.99]
1075		0               0               [0.91]
1076		0               1               [0.91]
1077		0               0               [0.97]
1078		0               0               [0.97]
1079		0               0               [0.99]
1080		0               0               [0.99]
1081		0               1               [0.93]
1082		0               0               [0.99]
1083		0               0               [0.99]
1084		0               0               [0.99]
1085		0               0               [0.99]
1086		0               0               [0.96]
1087		0               0               [0.99]
1088		0               0               [0.98]
1089		0               0               [0.99]
1090		0               0               [0.99]
1091		0               0               [0.99]
1092		0               0               [0.98]
1093		0               0               [0.97]
1094		0               0               [0.99]
1095		0               0               [0.99]
1096		0               0               [0.99]
1097		0               0               [0.98]
1098		0               1               [0.90]
1099		0               0               [0.99]
1100		0               0               [0.99]
1101		0               0               [0.99]
1102		0               0               [0.96]
1103		0               1               [0.91]
1104		0               0               [0.99]
1105		0               0               [0.99]
1106		0               0               [0.99]
1107		0               0               [0.99]
1108		0               1               [0.91]
1109		0               0               [0.99]
1110		0               0               [0.99]
1111		0               0               [0.99]
1112		0               0               [0.99]
1113		0               0               [0.99]
1114		0               0               [0.99]
1115		0               0               [0.93]
1116		0               0               [0.98]
1117		0               1               [0.98]
1118		0               0               [0.99]
1119		0               0               [0.99]
1120		0               0               [0.89]
1121		0               1               [0.93]
1122		0               0               [0.99]
1123		0               0               [0.97]
1124		0               0               [0.99]
1125		0               0               [0.97]
1126		0               0               [0.99]
1127		0               0               [0.99]
1128		0               0               [0.97]
1129		0               0               [0.96]
1130		0               1               [0.95]
1131		0               1               [0.95]
1132		0               0               [0.99]
1133		0               0               [0.99]
1134		0               0               [0.97]
1135		0               0               [0.97]
1136		0               0               [0.97]
1137		0               0               [0.97]
1138		0               0               [0.99]
1139		0               0               [0.99]
1140		0               0               [0.89]
1141		0               0               [0.99]
1142		0               0               [0.99]
1143		0               0               [1.00]
1144		0               0               [0.97]
1145		0               0               [0.99]
1146		0               0               [0.99]
1147		0               0               [0.99]
1148		0               0               [0.99]
1149		0               0               [0.99]
1150		0               0               [0.93]
1151		0               0               [0.99]
1152		0               0               [0.99]
1153		0               1               [0.91]
1154		0               0               [0.99]
1155		0               0               [0.99]
1156		0               0               [0.97]
1157		0               0               [0.99]
1158		0               0               [0.96]
1159		0               0               [0.99]
1160		0               0               [0.99]
1161		0               1               [0.95]
1162		0               0               [0.96]
1163		0               0               [0.99]
1164		0               0               [0.97]
1165		0               0               [0.99]
1166		0               0               [0.99]
1167		0               0               [0.99]
1168		0               0               [0.97]
1169		0               1               [0.91]
1170		0               0               [0.99]
1171		0               0               [0.99]
1172		0               0               [0.99]
1173		0               0               [0.97]
1174		0               0               [0.96]
1175		0               0               [0.99]
1176		0               0               [0.99]
1177		0               0               [0.99]
1178		0               0               [0.99]
1179		0               0               [0.99]
1180		0               0               [0.97]
1181		0               0               [0.99]
1182		0               0               [0.99]
1183		0               0               [0.96]
1184		0               0               [0.99]
1185		0               0               [1.00]
1186		0               0               [0.99]
1187		0               1               [0.98]
1188		0               0               [0.99]
1189		0               0               [0.97]
1190		0               0               [0.99]
1191		0               0               [0.97]
1192		0               0               [0.99]
1193		0               0               [0.99]
1194		0               0               [0.99]
1195		0               0               [0.99]
1196		0               0               [0.99]
1197		0               0               [0.99]
1198		0               0               [0.99]
1199		0               0               [0.99]
1200		0               0               [0.97]
1201		0               1               [0.90]
1202		0               0               [0.99]
1203		0               0               [0.99]
1204		0               0               [0.98]
1205		0               0               [0.97]
1206		0               0               [0.99]
1207		0               0               [0.99]
1208		0               0               [0.99]
1209		0               0               [0.99]
1210		0               0               [0.99]
1211		0               0               [0.96]
1212		0               0               [0.99]
1213		0               0               [0.91]
1214		0               0               [0.99]
1215		0               0               [0.99]
1216		0               0               [0.91]
1217		0               0               [0.99]
1218		0               0               [0.99]
1219		0               1               [0.97]
1220		0               0               [0.99]
1221		0               0               [0.99]
1222		0               0               [0.99]
1223		0               0               [0.96]
1224		0               0               [0.97]
1225		0               0               [0.99]
1226		0               0               [0.99]
1227		0               0               [0.99]
1228		0               0               [0.99]
1229		0               0               [0.96]
1230		0               0               [0.99]
1231		0               0               [0.99]
1232		0               0               [0.99]
1233		0               0               [0.99]
1234		0               0               [0.99]
1235		0               0               [1.00]
1236		0               0               [0.99]
1237		0               0               [0.97]
1238		0               0               [0.96]
1239		0               0               [0.98]
1240		0               0               [0.98]
1241		0               0               [0.98]
1242		0               1               [0.96]
1243		0               1               [0.99]
1244		0               0               [0.99]
1245		0               0               [0.90]
1246		0               0               [0.99]
