Case		Given		Predicted
 No		Class		Class

   1		1               0               [0.95]
   2		1               1               [0.76]
   3		1               0               [0.68]
   4		1               1               [0.98]
   5		1               0               [0.68]
   6		1               0               [0.95]
   7		1               1               [0.71]
   8		1               0               [0.84]
   9		1               1               [0.76]
  10		1               1               [0.94]
  11		1               1               [0.98]
  12		1               1               [0.98]
  13		1               1               [0.98]
  14		1               1               [0.97]
  15		1               1               [0.72]
  16		1               0               [0.92]
  17		1               0               [0.87]
  18		1               0               [0.95]
  19		1               0               [0.98]
  20		1               0               [0.84]
  21		1               0               [0.95]
  22		1               0               [0.93]
  23		1               1               [0.89]
  24		1               0               [0.98]
  25		1               0               [0.97]
  26		1               1               [0.73]
  27		1               1               [0.96]
  28		1               0               [0.99]
  29		1               1               [0.98]
  30		1               0               [0.70]
  31		1               0               [0.84]
  32		1               0               [0.95]
  33		1               1               [0.98]
  34		1               1               [0.98]
  35		1               1               [0.96]
  36		1               0               [0.86]
  37		1               1               [0.98]
  38		1               0               [0.84]
  39		1               0               [0.96]
  40		1               0               [0.95]
  41		1               1               [0.98]
  42		1               0               [0.96]
  43		1               0               [0.95]
  44		1               1               [0.98]
  45		1               0               [0.95]
  46		1               1               [0.98]
  47		1               1               [0.93]
  48		1               1               [0.96]
  49		1               0               [0.72]
  50		1               1               [0.98]
  51		1               1               [0.98]
  52		1               0               [0.84]
  53		1               0               [0.98]
  54		1               1               [0.96]
  55		1               1               [0.98]
  56		1               1               [0.93]
  57		1               0               [0.95]
  58		1               0               [0.95]
  59		1               0               [0.95]
  60		1               1               [0.94]
  61		1               0               [0.99]
  62		1               1               [0.73]
  63		1               1               [0.98]
  64		1               0               [0.68]
  65		1               0               [0.95]
  66		1               0               [0.95]
  67		1               0               [0.84]
  68		1               0               [0.90]
  69		1               1               [0.96]
  70		1               1               [0.96]
  71		1               0               [0.92]
  72		1               1               [0.91]
  73		1               1               [0.98]
  74		1               0               [0.85]
  75		1               1               [0.85]
  76		1               1               [0.99]
  77		1               1               [0.96]
  78		1               0               [0.93]
  79		1               1               [0.96]
  80		1               0               [0.93]
  81		1               0               [0.95]
  82		1               1               [0.94]
  83		1               1               [0.96]
  84		1               0               [0.85]
  85		1               0               [0.91]
  86		1               1               [0.76]
  87		1               0               [0.94]
  88		1               0               [0.97]
  89		1               0               [0.93]
  90		1               1               [0.94]
  91		1               1               [0.73]
  92		1               1               [0.73]
  93		1               0               [0.94]
  94		1               0               [0.78]
  95		1               0               [0.95]
  96		1               1               [0.96]
  97		1               1               [0.96]
  98		1               0               [0.93]
  99		1               0               [0.93]
 100		1               0               [0.97]
 101		1               1               [0.63]
 102		1               1               [0.98]
 103		1               1               [0.86]
 104		1               1               [0.97]
 105		1               0               [0.93]
 106		1               0               [0.95]
 107		1               0               [0.92]
 108		1               1               [0.98]
 109		1               1               [0.90]
 110		1               0               [0.94]
 111		1               1               [0.93]
 112		1               1               [0.98]
 113		1               0               [0.93]
 114		1               1               [0.76]
 115		1               1               [0.96]
 116		1               0               [0.95]
 117		1               1               [0.96]
 118		1               1               [0.96]
 119		1               0               [0.94]
 120		1               1               [0.63]
 121		1               1               [0.87]
 122		1               1               [0.73]
 123		1               1               [0.90]
 124		1               1               [0.76]
 125		1               1               [0.97]
 126		1               1               [0.96]
 127		1               1               [0.96]
 128		1               0               [0.84]
 129		1               1               [0.94]
 130		1               1               [0.96]
 131		1               1               [0.99]
 132		1               1               [0.98]
 133		1               1               [0.90]
 134		1               0               [0.95]
 135		1               0               [0.94]
 136		1               0               [0.72]
 137		1               0               [0.94]
 138		1               1               [0.97]
 139		1               1               [0.96]
 140		1               0               [0.93]
 141		1               1               [0.93]
 142		1               1               [0.99]
 143		1               0               [0.91]
 144		1               1               [0.94]
 145		1               0               [0.87]
 146		1               1               [0.87]
 147		1               0               [0.95]
 148		1               1               [0.98]
 149		1               1               [0.86]
 150		1               1               [0.94]
 151		1               1               [0.96]
 152		1               1               [0.93]
 153		1               1               [0.94]
 154		1               1               [0.94]
 155		1               0               [0.92]
 156		1               0               [0.84]
 157		1               0               [0.95]
 158		1               0               [0.85]
 159		1               1               [0.90]
 160		1               1               [0.91]
 161		1               1               [0.76]
 162		1               1               [0.94]
 163		1               0               [0.97]
 164		1               1               [0.96]
 165		1               1               [0.91]
 166		1               0               [0.95]
 167		1               0               [0.94]
 168		1               0               [0.93]
 169		1               0               [0.95]
 170		1               0               [0.94]
 171		1               1               [0.96]
 172		1               1               [0.95]
 173		1               0               [0.93]
 174		1               1               [0.96]
 175		1               1               [0.73]
 176		1               0               [0.97]
 177		1               0               [0.94]
 178		1               1               [0.99]
 179		1               1               [0.93]
 180		1               1               [0.87]
 181		1               0               [0.99]
 182		1               1               [0.71]
 183		1               0               [0.95]
 184		1               0               [0.91]
 185		1               0               [0.93]
 186		1               1               [0.93]
 187		1               1               [0.94]
 188		1               1               [0.99]
 189		1               1               [0.86]
 190		1               1               [0.96]
 191		1               0               [0.98]
 192		1               1               [0.94]
 193		1               0               [0.95]
 194		1               1               [0.84]
 195		1               0               [0.94]
 196		1               1               [0.96]
 197		1               0               [0.70]
 198		1               1               [0.98]
 199		1               1               [0.98]
 200		1               0               [0.93]
 201		1               0               [0.70]
 202		1               1               [0.63]
 203		1               1               [0.91]
 204		1               1               [0.94]
 205		1               0               [0.72]
 206		1               1               [0.87]
 207		1               1               [0.85]
 208		1               1               [0.94]
 209		1               0               [0.93]
 210		1               0               [0.94]
 211		1               1               [0.87]
 212		1               1               [0.71]
 213		1               0               [0.94]
 214		1               1               [0.99]
 215		1               1               [0.94]
 216		1               0               [0.90]
 217		1               1               [0.93]
 218		1               1               [0.94]
 219		1               1               [0.98]
 220		1               1               [0.98]
 221		1               0               [0.95]
 222		1               1               [0.99]
 223		1               1               [0.76]
 224		1               0               [0.95]
 225		1               1               [0.95]
 226		1               1               [0.87]
 227		1               0               [0.93]
 228		1               1               [0.94]
 229		1               0               [0.95]
 230		1               0               [0.95]
 231		1               0               [0.94]
 232		1               1               [0.93]
 233		1               1               [0.93]
 234		1               1               [0.93]
 235		1               1               [0.98]
 236		1               1               [0.99]
 237		1               0               [0.95]
 238		1               1               [0.95]
 239		1               1               [0.95]
 240		1               1               [0.87]
 241		1               1               [0.94]
 242		1               1               [0.85]
 243		1               0               [0.95]
 244		1               1               [0.87]
 245		1               0               [0.68]
 246		1               1               [0.81]
 247		1               0               [0.95]
 248		1               0               [0.98]
 249		1               0               [0.91]
 250		1               1               [0.98]
 251		1               1               [0.99]
 252		1               0               [0.86]
 253		1               1               [0.87]
 254		1               1               [0.98]
 255		1               1               [0.96]
 256		1               1               [0.94]
 257		1               1               [0.73]
 258		1               0               [0.95]
 259		1               1               [0.85]
 260		1               1               [0.84]
 261		1               0               [0.85]
 262		1               1               [0.98]
 263		1               1               [0.97]
 264		1               1               [0.94]
 265		1               1               [0.96]
 266		1               1               [0.90]
 267		1               1               [0.63]
 268		1               1               [0.99]
 269		1               1               [0.98]
 270		1               0               [0.99]
 271		1               1               [0.98]
 272		1               0               [0.95]
 273		1               1               [0.98]
 274		1               0               [0.87]
 275		1               0               [0.93]
 276		1               0               [0.97]
 277		1               1               [0.87]
 278		1               1               [0.87]
 279		1               0               [0.97]
 280		1               0               [0.96]
 281		1               0               [0.95]
 282		1               1               [0.98]
 283		1               0               [0.95]
 284		1               1               [0.71]
 285		1               1               [0.85]
 286		1               0               [0.95]
 287		1               0               [0.87]
 288		1               1               [0.73]
 289		1               0               [0.68]
 290		1               1               [0.91]
 291		1               0               [0.95]
 292		1               0               [0.95]
 293		1               0               [0.68]
 294		1               0               [0.87]
 295		1               0               [0.95]
 296		1               0               [0.96]
 297		1               1               [0.85]
 298		1               1               [0.99]
 299		1               0               [0.95]
 300		1               1               [0.87]
 301		1               1               [0.91]
 302		1               1               [0.99]
 303		1               1               [0.94]
 304		1               1               [0.98]
 305		1               0               [0.96]
 306		1               1               [0.99]
 307		1               0               [0.95]
 308		1               1               [0.63]
 309		1               1               [0.96]
 310		1               1               [0.98]
 311		1               1               [0.96]
 312		1               0               [0.95]
 313		1               1               [0.97]
 314		1               0               [0.95]
 315		1               0               [0.98]
 316		1               1               [0.96]
 317		1               1               [0.99]
 318		1               1               [0.98]
 319		1               1               [0.96]
 320		1               1               [0.97]
 321		1               1               [0.98]
 322		1               1               [0.90]
 323		1               0               [0.96]
 324		1               0               [0.98]
 325		1               0               [0.96]
 326		1               1               [0.96]
 327		1               0               [0.94]
 328		1               0               [0.93]
 329		1               1               [0.91]
 330		1               0               [0.95]
 331		1               1               [0.93]
 332		1               1               [0.91]
 333		1               0               [0.68]
 334		1               0               [0.99]
 335		1               1               [0.92]
 336		1               1               [0.98]
 337		1               1               [0.94]
 338		1               0               [0.87]
 339		1               1               [0.98]
 340		1               1               [0.85]
 341		1               1               [0.84]
 342		1               1               [0.98]
 343		1               1               [0.99]
 344		1               0               [0.97]
 345		1               0               [0.93]
 346		1               1               [0.99]
 347		1               0               [0.78]
 348		1               1               [0.96]
 349		1               1               [0.98]
 350		1               1               [0.96]
 351		1               0               [0.99]
 352		1               0               [0.95]
 353		1               0               [0.93]
 354		1               0               [0.96]
 355		1               1               [0.73]
 356		0               0               [0.92]
 357		0               0               [0.92]
 358		0               0               [0.95]
 359		0               1               [0.76]
 360		0               0               [0.84]
 361		0               0               [0.95]
 362		0               0               [0.97]
 363		0               0               [0.99]
 364		0               1               [0.97]
 365		0               0               [0.97]
 366		0               0               [0.95]
 367		0               0               [0.97]
 368		0               0               [0.93]
 369		0               0               [0.98]
 370		0               1               [0.98]
 371		0               0               [0.93]
 372		0               0               [0.95]
 373		0               0               [0.95]
 374		0               0               [0.93]
 375		0               0               [0.93]
 376		0               0               [0.97]
 377		0               1               [0.93]
 378		0               0               [0.95]
 379		0               0               [0.95]
 380		0               0               [0.87]
 381		0               0               [0.90]
 382		0               1               [0.98]
 383		0               0               [0.94]
 384		0               0               [0.95]
 385		0               1               [0.96]
 386		0               0               [0.95]
 387		0               0               [0.97]
 388		0               0               [0.98]
 389		0               0               [0.93]
 390		0               1               [0.93]
 391		0               0               [0.96]
 392		0               0               [0.98]
 393		0               0               [0.96]
 394		0               0               [0.95]
 395		0               0               [0.95]
 396		0               0               [0.95]
 397		0               0               [0.97]
 398		0               0               [0.95]
 399		0               0               [0.86]
 400		0               0               [0.96]
 401		0               0               [0.95]
 402		0               0               [0.95]
 403		0               0               [0.96]
 404		0               0               [0.86]
 405		0               0               [0.95]
 406		0               0               [0.93]
 407		0               0               [0.99]
 408		0               0               [0.98]
 409		0               1               [0.91]
 410		0               0               [0.92]
 411		0               0               [0.96]
 412		0               0               [0.87]
 413		0               0               [0.90]
 414		0               0               [0.94]
 415		0               0               [0.87]
 416		0               0               [0.94]
 417		0               0               [0.96]
 418		0               0               [0.95]
 419		0               0               [0.95]
 420		0               0               [0.95]
 421		0               0               [0.92]
 422		0               0               [0.95]
 423		0               0               [0.95]
 424		0               0               [0.98]
 425		0               0               [0.87]
 426		0               0               [0.85]
 427		0               0               [0.70]
 428		0               0               [0.91]
 429		0               1               [0.95]
 430		0               0               [0.93]
 431		0               0               [0.72]
 432		0               1               [0.85]
 433		0               0               [0.95]
 434		0               0               [0.85]
 435		0               0               [0.93]
 436		0               1               [0.94]
 437		0               1               [0.94]
 438		0               0               [0.95]
 439		0               0               [0.84]
 440		0               0               [0.92]
 441		0               0               [0.95]
 442		0               0               [0.85]
 443		0               0               [0.97]
 444		0               0               [0.95]
 445		0               0               [0.99]
 446		0               0               [0.96]
 447		0               1               [0.95]
 448		0               0               [0.98]
 449		0               0               [0.95]
 450		0               0               [0.68]
 451		0               0               [0.98]
 452		0               0               [0.99]
 453		0               0               [0.93]
 454		0               0               [0.96]
 455		0               0               [0.95]
 456		0               1               [0.96]
 457		0               0               [0.99]
 458		0               0               [0.91]
 459		0               0               [0.96]
 460		0               0               [0.96]
 461		0               0               [0.99]
 462		0               0               [0.96]
 463		0               0               [0.93]
 464		0               0               [0.93]
 465		0               0               [0.98]
 466		0               0               [0.95]
 467		0               0               [0.95]
 468		0               0               [0.99]
 469		0               1               [0.98]
 470		0               1               [0.95]
 471		0               0               [0.85]
 472		0               1               [0.96]
 473		0               0               [0.95]
 474		0               1               [0.99]
 475		0               0               [0.95]
 476		0               1               [0.97]
 477		0               0               [0.99]
 478		0               0               [0.95]
 479		0               0               [0.95]
 480		0               0               [0.93]
 481		0               0               [0.94]
 482		0               1               [0.94]
 483		0               0               [0.98]
 484		0               1               [0.86]
 485		0               0               [0.93]
 486		0               0               [0.87]
 487		0               1               [0.73]
 488		0               0               [0.97]
 489		0               1               [0.96]
 490		0               1               [0.94]
 491		0               1               [0.95]
 492		0               1               [0.95]
 493		0               0               [0.84]
 494		0               1               [0.87]
 495		0               0               [0.93]
 496		0               0               [0.95]
 497		0               0               [0.96]
 498		0               0               [0.95]
 499		0               0               [0.87]
 500		0               0               [0.95]
 501		0               1               [0.91]
 502		0               1               [0.98]
 503		0               0               [0.99]
 504		0               0               [0.93]
 505		0               0               [0.68]
 506		0               0               [0.87]
 507		0               1               [0.90]
 508		0               0               [0.72]
 509		0               0               [0.94]
 510		0               0               [0.95]
 511		0               0               [0.97]
 512		0               0               [0.99]
 513		0               0               [0.95]
 514		0               0               [0.89]
 515		0               1               [0.95]
 516		0               1               [0.96]
 517		0               0               [0.95]
 518		0               0               [0.86]
 519		0               0               [0.95]
 520		0               0               [0.95]
 521		0               0               [0.91]
 522		0               0               [0.97]
 523		0               0               [0.96]
 524		0               0               [0.68]
 525		0               0               [0.85]
 526		0               0               [0.91]
 527		0               0               [0.87]
 528		0               0               [0.99]
 529		0               0               [0.87]
 530		0               0               [0.98]
 531		0               0               [0.85]
 532		0               0               [0.85]
 533		0               1               [0.96]
 534		0               0               [0.91]
 535		0               0               [0.97]
 536		0               1               [0.90]
 537		0               0               [0.87]
 538		0               0               [0.95]
 539		0               1               [0.96]
 540		0               0               [0.98]
 541		0               0               [0.99]
 542		0               0               [0.96]
 543		0               0               [0.91]
 544		0               0               [0.95]
 545		0               0               [0.99]
 546		0               0               [0.98]
 547		0               0               [0.87]
 548		0               0               [0.95]
 549		0               0               [0.94]
 550		0               0               [0.94]
 551		0               0               [0.97]
 552		0               0               [0.85]
 553		0               0               [0.94]
 554		0               0               [0.95]
 555		0               0               [0.95]
 556		0               0               [0.95]
 557		0               0               [0.93]
 558		0               0               [0.85]
 559		0               1               [0.91]
 560		0               0               [0.94]
 561		0               0               [0.95]
 562		0               0               [0.93]
 563		0               1               [0.98]
 564		0               0               [0.97]
 565		0               0               [0.99]
 566		0               0               [0.92]
 567		0               0               [0.99]
 568		0               1               [0.91]
 569		0               0               [0.99]
 570		0               0               [0.87]
 571		0               0               [0.92]
 572		0               0               [0.95]
 573		0               0               [0.96]
 574		0               0               [0.85]
 575		0               0               [0.96]
 576		0               1               [0.94]
 577		0               0               [0.68]
 578		0               0               [0.94]
 579		0               0               [0.84]
 580		0               0               [0.99]
 581		0               1               [0.98]
 582		0               1               [0.76]
 583		0               0               [0.85]
 584		0               0               [0.96]
 585		0               1               [0.96]
 586		0               0               [0.96]
 587		0               1               [0.98]
 588		0               0               [0.99]
 589		0               1               [0.92]
 590		0               0               [0.68]
 591		0               0               [0.95]
 592		0               0               [0.95]
 593		0               0               [0.95]
 594		0               0               [0.96]
 595		0               0               [0.93]
 596		0               0               [0.84]
 597		0               0               [0.98]
 598		0               1               [0.98]
 599		0               0               [0.70]
 600		0               0               [0.97]
 601		0               0               [0.96]
 602		0               1               [0.91]
 603		0               0               [0.99]
 604		0               0               [0.87]
 605		0               1               [0.92]
 606		0               1               [0.85]
 607		0               1               [0.96]
 608		0               0               [0.95]
 609		0               0               [0.93]
 610		0               0               [0.95]
 611		0               0               [0.96]
 612		0               0               [0.96]
 613		0               0               [0.85]
 614		0               0               [0.93]
 615		0               0               [0.98]
 616		0               0               [0.95]
 617		0               0               [0.84]
 618		0               1               [0.95]
 619		0               0               [0.96]
 620		0               0               [0.96]
 621		0               0               [0.96]
 622		0               0               [0.96]
 623		0               1               [0.91]
 624		0               0               [0.68]
 625		0               1               [0.76]
 626		0               1               [0.96]
 627		0               0               [0.99]
 628		0               0               [0.95]
 629		0               0               [0.90]
 630		0               1               [0.96]
 631		0               0               [0.94]
 632		0               1               [0.93]
 633		0               0               [0.68]
 634		0               1               [0.94]
 635		0               0               [0.84]
 636		0               1               [0.76]
 637		0               1               [0.96]
 638		0               0               [0.95]
 639		0               0               [0.97]
 640		0               0               [0.93]
 641		0               1               [0.90]
 642		0               0               [0.95]
 643		0               0               [0.93]
 644		0               0               [0.93]
 645		0               0               [0.96]
 646		0               0               [0.96]
 647		0               0               [0.93]
 648		0               0               [0.93]
 649		0               0               [0.95]
 650		0               0               [0.96]
 651		0               0               [0.94]
 652		0               0               [0.68]
 653		0               1               [0.73]
 654		0               0               [0.98]
 655		0               0               [0.93]
 656		0               0               [0.95]
 657		0               0               [0.99]
 658		0               0               [0.99]
 659		0               0               [0.85]
 660		0               0               [0.78]
 661		0               1               [0.71]
 662		0               0               [0.95]
 663		0               0               [0.95]
 664		0               0               [0.92]
 665		0               0               [0.93]
 666		0               0               [0.99]
 667		0               0               [0.99]
 668		0               0               [0.95]
 669		0               0               [0.95]
 670		0               0               [0.93]
 671		0               0               [0.87]
 672		0               1               [0.76]
 673		0               0               [0.97]
 674		0               0               [0.86]
 675		0               0               [0.96]
 676		0               0               [0.86]
 677		0               1               [0.96]
 678		0               0               [0.95]
 679		0               0               [0.99]
 680		0               0               [0.96]
 681		0               0               [0.98]
 682		0               0               [0.85]
 683		0               0               [0.96]
 684		0               0               [0.99]
 685		0               0               [0.93]
 686		0               0               [0.96]
 687		0               0               [0.95]
 688		0               0               [0.99]
 689		0               0               [0.85]
 690		0               0               [0.85]
 691		0               0               [0.85]
 692		0               0               [0.95]
 693		0               0               [0.90]
 694		0               0               [0.90]
 695		0               0               [0.93]
 696		0               0               [0.99]
 697		0               0               [0.99]
 698		0               0               [0.86]
 699		0               0               [0.93]
 700		0               0               [0.93]
 701		0               1               [0.89]
 702		0               0               [0.93]
 703		0               0               [0.95]
 704		0               0               [0.84]
 705		0               0               [0.86]
 706		0               0               [0.95]
 707		0               0               [0.93]
 708		0               0               [0.87]
 709		0               1               [0.98]
 710		0               0               [0.99]
 711		0               0               [0.86]
 712		0               0               [0.95]
 713		0               0               [0.97]
 714		0               0               [0.99]
 715		0               0               [0.99]
 716		0               0               [0.87]
 717		0               0               [0.96]
 718		0               0               [0.96]
 719		0               1               [0.91]
 720		0               0               [0.94]
 721		0               0               [0.99]
 722		0               0               [0.99]
 723		0               0               [0.99]
 724		0               0               [0.94]
 725		0               0               [0.99]
 726		0               0               [0.93]
 727		0               0               [0.93]
 728		0               0               [0.93]
 729		0               0               [0.93]
 730		0               0               [0.99]
 731		0               1               [0.94]
 732		0               0               [0.94]
 733		0               0               [0.99]
 734		0               0               [0.85]
 735		0               0               [0.99]
 736		0               0               [0.94]
 737		0               1               [0.98]
 738		0               0               [0.93]
 739		0               0               [0.99]
 740		0               0               [0.85]
 741		0               0               [0.93]
 742		0               0               [0.99]
 743		0               1               [0.63]
 744		0               0               [0.93]
 745		0               0               [0.95]
 746		0               0               [0.90]
 747		0               0               [0.95]
 748		0               0               [0.86]
 749		0               0               [0.93]
 750		0               0               [0.87]
 751		0               0               [0.96]
 752		0               1               [0.96]
 753		0               0               [0.90]
 754		0               0               [0.93]
 755		0               0               [0.95]
 756		0               0               [0.92]
 757		0               0               [0.93]
 758		0               0               [0.96]
 759		0               1               [0.86]
 760		0               0               [0.99]
 761		0               0               [0.98]
 762		0               0               [0.99]
 763		0               0               [0.93]
 764		0               0               [0.85]
 765		0               0               [0.90]
 766		0               0               [0.99]
 767		0               0               [0.93]
 768		0               0               [0.96]
 769		0               0               [0.96]
 770		0               0               [0.95]
 771		0               0               [0.96]
 772		0               0               [0.95]
 773		0               0               [0.93]
 774		0               1               [0.91]
 775		0               0               [0.99]
 776		0               0               [0.93]
 777		0               0               [0.93]
 778		0               0               [0.95]
 779		0               1               [0.96]
 780		0               1               [0.97]
 781		0               0               [0.99]
 782		0               0               [0.95]
 783		0               0               [0.85]
 784		0               0               [0.92]
 785		0               0               [0.93]
 786		0               0               [0.93]
 787		0               1               [0.93]
 788		0               0               [0.96]
 789		0               0               [0.86]
 790		0               0               [0.99]
 791		0               0               [0.99]
 792		0               0               [0.95]
 793		0               0               [0.99]
 794		0               0               [0.99]
 795		0               0               [0.99]
 796		0               0               [0.99]
 797		0               1               [0.96]
 798		0               0               [0.86]
 799		0               0               [0.99]
 800		0               0               [0.99]
 801		0               1               [0.97]
 802		0               0               [0.86]
 803		0               0               [0.99]
 804		0               1               [0.96]
 805		0               0               [0.85]
 806		0               0               [0.96]
 807		0               1               [0.96]
 808		0               0               [0.99]
 809		0               1               [0.94]
 810		0               1               [0.98]
 811		0               0               [0.99]
 812		0               0               [0.85]
 813		0               0               [0.87]
 814		0               0               [0.99]
 815		0               0               [0.96]
 816		0               1               [0.98]
 817		0               0               [0.99]
 818		0               1               [0.96]
 819		0               0               [0.99]
 820		0               0               [0.99]
 821		0               0               [0.95]
 822		0               0               [0.99]
 823		0               0               [0.99]
 824		0               0               [0.99]
 825		0               0               [0.85]
 826		0               0               [0.99]
 827		0               0               [0.87]
 828		0               0               [0.72]
 829		0               0               [0.99]
 830		0               0               [0.85]
 831		0               1               [0.71]
 832		0               0               [0.96]
 833		0               0               [0.94]
 834		0               1               [0.86]
 835		0               0               [0.99]
 836		0               0               [0.95]
 837		0               0               [0.86]
 838		0               0               [0.99]
 839		0               0               [0.99]
 840		0               1               [0.96]
 841		0               1               [0.96]
 842		0               1               [0.84]
 843		0               0               [0.93]
 844		0               0               [0.99]
 845		0               0               [0.96]
 846		0               0               [0.95]
 847		0               0               [0.99]
 848		0               1               [0.95]
 849		0               0               [0.99]
 850		0               0               [0.95]
 851		0               1               [0.98]
 852		0               1               [0.92]
 853		0               0               [0.94]
 854		0               0               [0.99]
 855		0               0               [0.85]
 856		0               0               [0.95]
 857		0               0               [0.95]
 858		0               0               [0.96]
 859		0               0               [0.90]
 860		0               0               [0.93]
 861		0               0               [0.91]
 862		0               0               [0.99]
 863		0               0               [0.93]
 864		0               0               [0.87]
 865		0               0               [0.70]
 866		0               0               [0.95]
 867		0               0               [0.84]
 868		0               0               [0.96]
 869		0               0               [0.98]
 870		0               0               [0.99]
 871		0               0               [0.68]
 872		0               0               [0.99]
 873		0               0               [0.99]
 874		0               0               [0.99]
 875		0               1               [0.91]
 876		0               1               [0.99]
 877		0               0               [0.87]
 878		0               0               [0.99]
 879		0               0               [0.99]
 880		0               1               [0.96]
 881		0               0               [0.93]
 882		0               1               [0.73]
 883		0               0               [0.93]
 884		0               0               [0.98]
 885		0               0               [0.97]
 886		0               0               [0.94]
 887		0               1               [0.81]
 888		0               0               [0.99]
 889		0               1               [0.95]
 890		0               0               [0.86]
 891		0               0               [0.93]
 892		0               0               [0.90]
 893		0               1               [0.98]
 894		0               0               [0.93]
 895		0               0               [0.87]
 896		0               0               [0.85]
 897		0               0               [0.99]
 898		0               1               [0.81]
 899		0               0               [0.93]
 900		0               0               [0.90]
 901		0               0               [0.99]
 902		0               0               [0.99]
 903		0               0               [0.99]
 904		0               0               [0.68]
 905		0               1               [0.96]
 906		0               0               [0.99]
 907		0               0               [0.93]
 908		0               0               [0.99]
 909		0               0               [0.99]
 910		0               0               [0.97]
 911		0               0               [0.99]
 912		0               1               [0.96]
 913		0               1               [0.97]
 914		0               1               [0.98]
 915		0               0               [0.87]
 916		0               0               [0.90]
 917		0               0               [0.94]
 918		0               1               [0.96]
 919		0               0               [0.99]
 920		0               0               [0.97]
 921		0               0               [0.96]
 922		0               1               [0.97]
 923		0               0               [0.99]
 924		0               0               [0.96]
 925		0               0               [0.99]
 926		0               1               [0.91]
 927		0               0               [0.93]
 928		0               0               [0.99]
 929		0               1               [0.91]
 930		0               0               [0.99]
 931		0               0               [0.78]
 932		0               1               [0.91]
 933		0               0               [0.90]
 934		0               1               [0.94]
 935		0               1               [0.90]
 936		0               0               [0.97]
 937		0               0               [0.99]
 938		0               0               [0.99]
 939		0               0               [0.99]
 940		0               0               [0.86]
 941		0               0               [0.90]
 942		0               0               [0.99]
 943		0               0               [0.93]
 944		0               0               [0.99]
 945		0               0               [0.86]
 946		0               0               [0.99]
 947		0               0               [0.86]
 948		0               0               [0.99]
 949		0               1               [0.98]
 950		0               0               [0.86]
 951		0               0               [0.93]
 952		0               0               [0.95]
 953		0               0               [0.94]
 954		0               0               [0.84]
 955		0               0               [0.99]
 956		0               0               [0.96]
 957		0               0               [0.96]
 958		0               1               [0.96]
 959		0               1               [0.91]
 960		0               1               [0.81]
 961		0               0               [0.85]
 962		0               0               [0.93]
 963		0               1               [0.96]
 964		0               1               [0.94]
 965		0               0               [0.97]
 966		0               1               [0.98]
 967		0               0               [0.85]
 968		0               0               [0.96]
 969		0               0               [0.95]
 970		0               0               [0.99]
 971		0               0               [0.97]
 972		0               0               [0.98]
 973		0               0               [0.85]
 974		0               0               [0.99]
 975		0               0               [0.95]
 976		0               0               [0.94]
 977		0               0               [0.86]
 978		0               0               [0.95]
 979		0               0               [0.98]
 980		0               0               [0.99]
 981		0               0               [0.95]
 982		0               0               [0.93]
 983		0               0               [0.95]
 984		0               0               [0.98]
 985		0               0               [0.98]
 986		0               0               [0.95]
 987		0               0               [0.85]
 988		0               0               [0.99]
 989		0               0               [0.99]
 990		0               0               [0.90]
 991		0               0               [0.93]
 992		0               0               [0.96]
 993		0               1               [0.96]
 994		0               0               [0.96]
 995		0               0               [0.99]
 996		0               0               [0.99]
 997		0               0               [0.99]
 998		0               1               [0.86]
 999		0               1               [0.91]
1000		0               0               [0.99]
1001		0               0               [0.95]
1002		0               0               [0.95]
1003		0               0               [0.93]
1004		0               0               [0.90]
1005		0               0               [0.93]
1006		0               1               [0.94]
1007		0               0               [0.96]
1008		0               0               [0.92]
1009		0               0               [0.98]
1010		0               1               [0.95]
1011		0               0               [0.90]
1012		0               0               [0.96]
1013		0               0               [0.94]
1014		0               1               [0.76]
1015		0               0               [0.94]
1016		0               0               [0.99]
1017		0               0               [0.99]
1018		0               0               [0.99]
1019		0               1               [0.96]
1020		0               0               [0.98]
1021		0               0               [0.99]
1022		0               0               [0.99]
1023		0               1               [0.96]
1024		0               1               [0.96]
1025		0               0               [0.99]
1026		0               0               [0.99]
1027		0               0               [0.94]
1028		0               1               [0.95]
1029		0               0               [0.98]
1030		0               0               [0.93]
1031		0               1               [0.81]
1032		0               0               [0.84]
1033		0               0               [0.96]
1034		0               0               [0.93]
1035		0               1               [0.96]
1036		0               0               [0.96]
1037		0               0               [0.99]
1038		0               0               [0.99]
1039		0               0               [0.99]
1040		0               0               [0.99]
1041		0               0               [0.99]
1042		0               0               [0.99]
1043		0               0               [0.99]
1044		0               1               [0.96]
1045		0               0               [0.99]
1046		0               0               [0.99]
1047		0               0               [0.86]
1048		0               0               [0.99]
1049		0               0               [0.99]
1050		0               0               [0.98]
1051		0               0               [0.99]
1052		0               0               [0.99]
1053		0               0               [0.85]
1054		0               0               [0.95]
1055		0               0               [0.99]
1056		0               0               [0.93]
1057		0               1               [0.85]
1058		0               0               [0.99]
1059		0               1               [0.96]
1060		0               0               [0.95]
1061		0               1               [0.88]
1062		0               0               [0.99]
1063		0               0               [0.90]
1064		0               0               [0.87]
1065		0               0               [0.99]
1066		0               1               [0.94]
1067		0               0               [0.90]
1068		0               0               [0.95]
1069		0               0               [0.99]
1070		0               0               [0.99]
1071		0               1               [0.96]
1072		0               0               [0.93]
1073		0               1               [0.98]
1074		0               0               [0.99]
1075		0               0               [0.99]
1076		0               0               [0.93]
1077		0               0               [0.96]
1078		0               0               [0.97]
1079		0               0               [0.90]
1080		0               0               [0.99]
1081		0               0               [0.92]
1082		0               0               [0.85]
1083		0               0               [0.96]
1084		0               0               [0.95]
1085		0               0               [0.85]
1086		0               0               [0.86]
1087		0               0               [0.99]
1088		0               0               [0.93]
1089		0               0               [0.93]
1090		0               0               [0.99]
1091		0               0               [0.99]
1092		0               1               [0.98]
1093		0               1               [0.98]
1094		0               0               [0.99]
1095		0               0               [0.99]
1096		0               1               [0.91]
1097		0               0               [0.86]
1098		0               1               [0.81]
1099		0               0               [0.93]
1100		0               0               [0.99]
1101		0               0               [0.99]
1102		0               0               [0.85]
1103		0               0               [0.95]
1104		0               1               [0.96]
1105		0               0               [0.99]
1106		0               0               [0.99]
1107		0               1               [0.94]
1108		0               0               [0.96]
1109		0               0               [0.99]
1110		0               0               [0.85]
1111		0               0               [0.95]
1112		0               0               [0.99]
1113		0               0               [0.85]
1114		0               0               [0.96]
1115		0               1               [0.91]
1116		0               0               [0.90]
1117		0               0               [0.95]
1118		0               0               [0.99]
1119		0               0               [0.95]
1120		0               0               [0.98]
1121		0               0               [0.87]
1122		0               0               [0.96]
1123		0               0               [0.96]
1124		0               0               [0.99]
1125		0               0               [0.85]
1126		0               0               [0.90]
1127		0               0               [0.99]
1128		0               0               [0.99]
1129		0               1               [0.91]
1130		0               0               [0.95]
1131		0               1               [0.84]
1132		0               0               [0.99]
1133		0               0               [0.90]
1134		0               0               [0.97]
1135		0               0               [0.97]
1136		0               0               [0.99]
1137		0               0               [0.99]
1138		0               1               [0.96]
1139		0               0               [0.93]
1140		0               0               [0.97]
1141		0               0               [0.99]
1142		0               0               [0.99]
1143		0               0               [0.96]
1144		0               0               [0.99]
1145		0               0               [0.99]
1146		0               0               [0.93]
1147		0               0               [0.93]
1148		0               0               [0.99]
1149		0               0               [0.99]
1150		0               0               [0.86]
1151		0               0               [0.99]
1152		0               0               [0.90]
1153		0               1               [0.95]
1154		0               0               [0.99]
1155		0               0               [0.96]
1156		0               0               [0.99]
1157		0               0               [0.96]
1158		0               0               [0.95]
1159		0               0               [0.99]
1160		0               0               [0.95]
1161		0               1               [0.96]
1162		0               1               [0.91]
1163		0               0               [0.99]
1164		0               1               [0.96]
1165		0               0               [0.85]
1166		0               0               [0.99]
1167		0               1               [0.73]
1168		0               0               [0.99]
1169		0               0               [0.94]
1170		0               0               [0.99]
1171		0               0               [0.99]
1172		0               0               [0.87]
1173		0               0               [0.99]
1174		0               0               [0.96]
1175		0               0               [0.72]
1176		0               0               [0.99]
1177		0               0               [0.95]
1178		0               0               [0.97]
1179		0               0               [0.96]
1180		0               0               [0.99]
1181		0               0               [0.99]
1182		0               0               [0.98]
1183		0               1               [0.91]
1184		0               0               [0.99]
1185		0               0               [0.99]
1186		0               0               [0.91]
1187		0               1               [0.91]
1188		0               0               [0.97]
1189		0               0               [0.93]
1190		0               0               [0.99]
1191		0               0               [0.99]
1192		0               0               [0.99]
1193		0               0               [0.94]
1194		0               0               [0.94]
1195		0               0               [0.99]
1196		0               0               [0.85]
1197		0               0               [0.99]
1198		0               0               [0.95]
1199		0               0               [0.93]
1200		0               0               [0.99]
1201		0               1               [0.99]
1202		0               0               [0.99]
1203		0               0               [0.99]
1204		0               0               [0.93]
1205		0               0               [0.99]
1206		0               0               [0.90]
1207		0               1               [0.96]
1208		0               0               [0.99]
1209		0               0               [0.99]
1210		0               0               [0.93]
1211		0               1               [0.96]
1212		0               0               [0.85]
1213		0               0               [0.95]
1214		0               0               [0.96]
1215		0               0               [0.99]
1216		0               0               [0.94]
1217		0               0               [0.93]
1218		0               0               [0.94]
1219		0               1               [0.94]
1220		0               0               [0.94]
1221		0               0               [0.99]
1222		0               0               [0.99]
1223		0               1               [0.94]
1224		0               1               [0.91]
1225		0               0               [0.99]
1226		0               1               [0.95]
1227		0               0               [0.99]
1228		0               0               [0.99]
1229		0               0               [0.91]
1230		0               0               [0.99]
1231		0               0               [0.99]
1232		0               0               [0.90]
1233		0               0               [0.99]
1234		0               0               [0.99]
1235		0               1               [0.98]
1236		0               0               [0.95]
1237		0               0               [0.99]
1238		0               0               [0.87]
1239		0               0               [0.93]
1240		0               0               [0.85]
1241		0               1               [0.73]
1242		0               1               [0.99]
1243		0               0               [0.97]
1244		0               0               [0.95]
1245		0               0               [0.95]
1246		0               0               [0.99]
