Case		Given		Predicted
 No		Class		Class

   1		1               1               [0.99]
   2		1               1               [1.00]
   3		1               1               [0.98]
   4		1               1               [0.99]
   5		1               1               [0.98]
   6		1               1               [0.99]
   7		1               1               [0.98]
   8		1               1               [0.99]
   9		1               1               [0.98]
  10		1               0               [0.97]
  11		1               1               [0.98]
  12		1               1               [0.94]
  13		1               1               [0.91]
  14		1               0               [0.97]
  15		1               1               [0.99]
  16		1               1               [0.96]
  17		1               1               [0.94]
  18		1               1               [0.99]
  19		1               0               [0.99]
  20		1               1               [0.99]
  21		1               0               [0.84]
  22		1               0               [0.95]
  23		1               1               [0.95]
  24		1               1               [0.94]
  25		1               1               [0.91]
  26		1               1               [0.95]
  27		1               1               [0.95]
  28		1               0               [0.98]
  29		1               1               [0.99]
  30		1               1               [0.99]
  31		1               1               [0.99]
  32		1               0               [0.97]
  33		1               1               [0.95]
  34		1               0               [0.89]
  35		1               1               [0.95]
  36		1               1               [0.92]
  37		1               0               [0.98]
  38		1               1               [0.99]
  39		1               1               [0.98]
  40		1               0               [0.95]
  41		1               0               [0.84]
  42		1               1               [0.99]
  43		1               1               [0.98]
  44		1               0               [0.91]
  45		1               1               [0.98]
  46		1               1               [0.98]
  47		1               1               [1.00]
  48		1               1               [0.94]
  49		1               1               [0.95]
  50		1               1               [0.95]
  51		1               1               [0.94]
  52		1               1               [0.95]
  53		1               0               [0.98]
  54		1               1               [0.95]
  55		1               1               [0.95]
  56		1               0               [0.99]
  57		1               1               [0.98]
  58		1               1               [0.99]
  59		1               0               [0.91]
  60		1               1               [0.98]
  61		1               0               [0.97]
  62		1               0               [0.99]
  63		1               1               [0.95]
  64		1               1               [0.98]
  65		1               1               [0.96]
  66		1               1               [0.95]
  67		1               1               [0.92]
  68		1               0               [0.99]
  69		1               0               [0.92]
  70		1               1               [0.90]
  71		1               0               [0.98]
  72		1               0               [0.97]
  73		1               1               [0.99]
  74		1               1               [0.98]
  75		1               1               [1.00]
  76		1               1               [0.95]
  77		1               1               [0.99]
  78		1               0               [0.97]
  79		1               0               [0.98]
  80		1               0               [0.67]
  81		1               1               [0.96]
  82		1               1               [0.98]
  83		1               1               [0.99]
  84		1               0               [0.98]
  85		1               1               [0.98]
  86		1               1               [0.99]
  87		1               1               [0.99]
  88		1               1               [0.96]
  89		1               1               [0.99]
  90		1               1               [0.98]
  91		1               1               [0.98]
  92		1               0               [0.94]
  93		1               1               [0.94]
  94		1               0               [0.97]
  95		1               1               [0.99]
  96		1               1               [0.99]
  97		1               0               [0.98]
  98		1               0               [0.95]
  99		1               1               [0.94]
 100		1               0               [0.99]
 101		1               1               [0.93]
 102		1               1               [0.99]
 103		1               1               [0.95]
 104		1               0               [0.95]
 105		1               1               [0.99]
 106		1               1               [0.99]
 107		1               1               [0.99]
 108		1               1               [1.00]
 109		1               1               [0.99]
 110		1               0               [0.84]
 111		1               1               [0.99]
 112		1               1               [0.98]
 113		1               1               [0.93]
 114		1               1               [0.94]
 115		1               0               [0.99]
 116		1               1               [0.94]
 117		1               1               [0.96]
 118		1               1               [0.90]
 119		1               1               [0.95]
 120		1               0               [0.97]
 121		1               1               [0.99]
 122		1               0               [0.92]
 123		1               0               [0.92]
 124		1               0               [0.67]
 125		1               0               [0.95]
 126		1               1               [0.91]
 127		1               0               [0.98]
 128		1               0               [0.97]
 129		1               0               [0.98]
 130		1               1               [1.00]
 131		1               1               [0.98]
 132		1               1               [0.96]
 133		1               1               [0.96]
 134		1               1               [0.91]
 135		1               0               [0.98]
 136		1               1               [0.98]
 137		1               0               [0.97]
 138		1               0               [0.67]
 139		1               1               [0.99]
 140		1               0               [0.95]
 141		1               1               [0.99]
 142		1               1               [0.97]
 143		1               1               [0.94]
 144		1               1               [0.98]
 145		1               1               [0.99]
 146		1               1               [0.99]
 147		1               1               [0.99]
 148		1               1               [0.98]
 149		1               0               [0.95]
 150		1               0               [0.97]
 151		1               1               [0.98]
 152		1               1               [0.99]
 153		1               1               [0.98]
 154		1               1               [0.98]
 155		1               1               [0.98]
 156		1               0               [0.99]
 157		1               0               [0.92]
 158		1               1               [0.96]
 159		1               0               [0.90]
 160		1               0               [0.98]
 161		1               1               [0.94]
 162		1               1               [0.98]
 163		1               0               [0.87]
 164		1               0               [0.86]
 165		1               1               [0.98]
 166		1               1               [1.00]
 167		1               0               [0.97]
 168		1               1               [0.96]
 169		1               1               [0.92]
 170		1               1               [0.99]
 171		1               1               [1.00]
 172		1               1               [0.98]
 173		1               1               [0.95]
 174		1               1               [0.84]
 175		1               1               [0.94]
 176		1               1               [0.94]
 177		1               0               [0.95]
 178		1               1               [0.96]
 179		1               1               [1.00]
 180		1               1               [0.99]
 181		1               1               [0.95]
 182		1               1               [0.93]
 183		1               1               [0.99]
 184		1               0               [0.99]
 185		1               1               [0.99]
 186		1               1               [0.96]
 187		1               1               [0.98]
 188		1               1               [0.98]
 189		1               0               [0.98]
 190		1               0               [0.95]
 191		1               1               [0.99]
 192		1               1               [0.89]
 193		1               1               [0.96]
 194		1               1               [0.94]
 195		1               1               [0.99]
 196		1               1               [0.99]
 197		1               1               [0.99]
 198		1               1               [0.99]
 199		1               1               [0.99]
 200		1               1               [0.96]
 201		1               1               [0.99]
 202		1               1               [0.99]
 203		1               0               [0.97]
 204		1               0               [0.97]
 205		1               0               [0.97]
 206		1               1               [0.99]
 207		1               0               [0.97]
 208		1               1               [0.99]
 209		1               1               [0.99]
 210		1               1               [1.00]
 211		1               0               [0.91]
 212		1               1               [0.96]
 213		1               1               [0.94]
 214		1               1               [1.00]
 215		1               1               [0.98]
 216		1               0               [0.87]
 217		1               1               [0.99]
 218		1               1               [0.92]
 219		1               1               [0.99]
 220		1               1               [0.99]
 221		1               1               [0.99]
 222		1               1               [0.95]
 223		1               1               [1.00]
 224		1               0               [0.97]
 225		1               1               [0.99]
 226		1               0               [0.98]
 227		1               0               [1.00]
 228		1               1               [0.96]
 229		1               1               [0.94]
 230		1               1               [0.98]
 231		1               1               [0.94]
 232		1               1               [0.86]
 233		1               1               [0.99]
 234		1               0               [0.84]
 235		1               1               [0.98]
 236		1               1               [0.98]
 237		1               1               [0.98]
 238		1               0               [0.88]
 239		1               1               [0.96]
 240		1               1               [0.99]
 241		1               1               [0.98]
 242		1               1               [0.98]
 243		1               1               [0.94]
 244		1               1               [0.99]
 245		1               1               [0.93]
 246		1               1               [0.97]
 247		1               1               [0.95]
 248		1               0               [0.98]
 249		1               1               [0.94]
 250		1               1               [0.98]
 251		1               0               [0.97]
 252		1               0               [0.93]
 253		1               1               [0.99]
 254		1               1               [0.99]
 255		1               1               [0.99]
 256		1               1               [0.94]
 257		1               1               [0.99]
 258		1               1               [0.94]
 259		1               0               [0.95]
 260		1               1               [0.96]
 261		1               1               [0.94]
 262		1               1               [0.91]
 263		1               1               [0.95]
 264		1               1               [0.98]
 265		1               1               [0.99]
 266		1               1               [0.94]
 267		1               1               [0.94]
 268		1               1               [0.99]
 269		1               1               [0.99]
 270		1               0               [0.91]
 271		1               0               [0.96]
 272		1               1               [0.98]
 273		1               1               [0.92]
 274		1               1               [0.96]
 275		1               0               [0.97]
 276		1               1               [0.98]
 277		1               0               [0.95]
 278		1               1               [0.99]
 279		1               1               [0.98]
 280		1               0               [0.97]
 281		1               1               [1.00]
 282		1               0               [0.94]
 283		1               1               [0.95]
 284		1               1               [0.98]
 285		1               1               [1.00]
 286		1               0               [0.98]
 287		1               1               [0.99]
 288		1               0               [0.99]
 289		1               1               [0.98]
 290		1               1               [0.99]
 291		1               1               [1.00]
 292		1               1               [0.99]
 293		1               1               [0.98]
 294		1               1               [0.90]
 295		1               1               [0.91]
 296		1               1               [0.99]
 297		1               0               [0.95]
 298		1               1               [1.00]
 299		1               1               [0.98]
 300		1               1               [0.98]
 301		1               1               [0.99]
 302		1               1               [0.99]
 303		1               1               [0.98]
 304		1               1               [0.99]
 305		1               0               [0.98]
 306		1               1               [0.96]
 307		1               1               [0.94]
 308		1               1               [0.94]
 309		1               1               [0.94]
 310		1               1               [1.00]
 311		1               0               [0.96]
 312		1               1               [0.99]
 313		1               0               [0.84]
 314		1               1               [0.94]
 315		1               1               [1.00]
 316		1               1               [0.94]
 317		1               1               [0.98]
 318		1               1               [0.99]
 319		1               1               [0.99]
 320		1               1               [0.97]
 321		1               1               [0.99]
 322		1               0               [0.97]
 323		1               1               [0.94]
 324		1               1               [0.97]
 325		1               0               [0.84]
 326		1               0               [0.95]
 327		1               1               [0.99]
 328		1               0               [0.87]
 329		1               0               [0.99]
 330		1               1               [0.94]
 331		1               1               [1.00]
 332		1               1               [0.75]
 333		1               1               [0.91]
 334		1               1               [0.96]
 335		1               1               [0.96]
 336		1               1               [0.95]
 337		1               1               [0.98]
 338		1               0               [0.98]
 339		1               1               [0.99]
 340		1               1               [0.99]
 341		1               1               [0.95]
 342		1               1               [0.99]
 343		1               1               [0.99]
 344		1               1               [0.98]
 345		1               0               [0.99]
 346		1               1               [0.96]
 347		1               0               [0.98]
 348		1               1               [0.98]
 349		1               1               [0.98]
 350		1               0               [0.97]
 351		1               1               [0.96]
 352		1               1               [0.94]
 353		1               0               [0.99]
 354		1               1               [0.98]
 355		1               1               [0.93]
 356		0               0               [0.98]
 357		0               0               [0.99]
 358		0               0               [0.99]
 359		0               0               [0.99]
 360		0               0               [0.99]
 361		0               0               [0.99]
 362		0               0               [0.99]
 363		0               0               [1.00]
 364		0               0               [0.99]
 365		0               1               [0.91]
 366		0               0               [1.00]
 367		0               0               [0.94]
 368		0               0               [1.00]
 369		0               0               [0.99]
 370		0               0               [1.00]
 371		0               0               [1.00]
 372		0               0               [1.00]
 373		0               0               [0.99]
 374		0               0               [1.00]
 375		0               0               [0.94]
 376		0               0               [0.93]
 377		0               0               [0.98]
 378		0               0               [1.00]
 379		0               0               [0.99]
 380		0               0               [1.00]
 381		0               1               [0.86]
 382		0               0               [0.99]
 383		0               1               [0.97]
 384		0               0               [0.90]
 385		0               0               [1.00]
 386		0               0               [1.00]
 387		0               0               [0.94]
 388		0               0               [0.94]
 389		0               0               [0.99]
 390		0               0               [0.99]
 391		0               0               [0.98]
 392		0               0               [0.93]
 393		0               0               [0.98]
 394		0               0               [1.00]
 395		0               0               [0.98]
 396		0               0               [1.00]
 397		0               0               [0.99]
 398		0               0               [1.00]
 399		0               0               [0.99]
 400		0               0               [0.98]
 401		0               0               [0.98]
 402		0               0               [0.99]
 403		0               0               [1.00]
 404		0               0               [0.99]
 405		0               0               [0.96]
 406		0               0               [1.00]
 407		0               0               [1.00]
 408		0               0               [0.94]
 409		0               0               [0.99]
 410		0               0               [0.99]
 411		0               0               [0.99]
 412		0               1               [0.94]
 413		0               0               [0.93]
 414		0               0               [0.94]
 415		0               0               [0.98]
 416		0               0               [1.00]
 417		0               0               [0.98]
 418		0               0               [0.93]
 419		0               0               [1.00]
 420		0               0               [0.99]
 421		0               0               [0.97]
 422		0               0               [1.00]
 423		0               0               [0.98]
 424		0               0               [0.94]
 425		0               0               [1.00]
 426		0               0               [1.00]
 427		0               0               [0.98]
 428		0               0               [0.94]
 429		0               1               [0.96]
 430		0               0               [0.99]
 431		0               0               [1.00]
 432		0               0               [0.98]
 433		0               0               [0.99]
 434		0               0               [1.00]
 435		0               0               [0.88]
 436		0               0               [0.99]
 437		0               0               [1.00]
 438		0               0               [1.00]
 439		0               0               [1.00]
 440		0               0               [0.99]
 441		0               0               [0.99]
 442		0               0               [1.00]
 443		0               0               [1.00]
 444		0               0               [0.99]
 445		0               0               [1.00]
 446		0               0               [0.98]
 447		0               1               [0.96]
 448		0               0               [0.99]
 449		0               0               [0.99]
 450		0               0               [0.99]
 451		0               0               [0.95]
 452		0               0               [1.00]
 453		0               0               [0.97]
 454		0               0               [1.00]
 455		0               0               [0.99]
 456		0               0               [0.91]
 457		0               0               [1.00]
 458		0               0               [0.94]
 459		0               0               [0.98]
 460		0               1               [0.86]
 461		0               0               [1.00]
 462		0               0               [0.99]
 463		0               0               [0.97]
 464		0               0               [0.99]
 465		0               1               [0.87]
 466		0               0               [0.99]
 467		0               0               [0.99]
 468		0               0               [0.99]
 469		0               0               [0.94]
 470		0               0               [0.99]
 471		0               0               [1.00]
 472		0               0               [0.98]
 473		0               0               [0.99]
 474		0               0               [0.99]
 475		0               0               [0.98]
 476		0               1               [0.95]
 477		0               1               [1.00]
 478		0               0               [0.98]
 479		0               0               [0.98]
 480		0               1               [0.99]
 481		0               0               [0.98]
 482		0               0               [0.99]
 483		0               0               [0.99]
 484		0               0               [0.99]
 485		0               0               [0.99]
 486		0               1               [0.95]
 487		0               0               [0.97]
 488		0               0               [1.00]
 489		0               0               [1.00]
 490		0               0               [0.99]
 491		0               0               [1.00]
 492		0               0               [1.00]
 493		0               0               [1.00]
 494		0               0               [0.96]
 495		0               0               [0.99]
 496		0               1               [0.85]
 497		0               0               [0.99]
 498		0               0               [1.00]
 499		0               0               [0.99]
 500		0               0               [1.00]
 501		0               0               [1.00]
 502		0               0               [0.99]
 503		0               0               [1.00]
 504		0               1               [0.98]
 505		0               0               [1.00]
 506		0               1               [0.83]
 507		0               0               [0.99]
 508		0               1               [0.92]
 509		0               0               [0.99]
 510		0               0               [0.99]
 511		0               0               [0.98]
 512		0               0               [0.99]
 513		0               1               [0.95]
 514		0               0               [0.98]
 515		0               0               [0.91]
 516		0               0               [1.00]
 517		0               0               [0.99]
 518		0               1               [0.92]
 519		0               0               [0.99]
 520		0               0               [1.00]
 521		0               0               [1.00]
 522		0               0               [0.94]
 523		0               0               [1.00]
 524		0               0               [0.94]
 525		0               0               [1.00]
 526		0               0               [0.98]
 527		0               0               [0.98]
 528		0               0               [0.99]
 529		0               0               [1.00]
 530		0               0               [1.00]
 531		0               0               [0.97]
 532		0               0               [0.97]
 533		0               0               [0.98]
 534		0               0               [1.00]
 535		0               0               [1.00]
 536		0               0               [1.00]
 537		0               0               [0.98]
 538		0               0               [0.94]
 539		0               0               [1.00]
 540		0               0               [0.99]
 541		0               0               [0.97]
 542		0               0               [0.99]
 543		0               0               [0.98]
 544		0               0               [0.92]
 545		0               0               [0.99]
 546		0               1               [0.99]
 547		0               0               [1.00]
 548		0               0               [0.97]
 549		0               0               [0.98]
 550		0               0               [0.98]
 551		0               1               [0.96]
 552		0               0               [0.99]
 553		0               0               [1.00]
 554		0               0               [1.00]
 555		0               0               [1.00]
 556		0               0               [0.94]
 557		0               0               [0.94]
 558		0               0               [1.00]
 559		0               0               [0.98]
 560		0               1               [0.94]
 561		0               1               [0.97]
 562		0               0               [0.98]
 563		0               0               [0.89]
 564		0               0               [1.00]
 565		0               0               [0.94]
 566		0               1               [0.87]
 567		0               0               [0.94]
 568		0               0               [1.00]
 569		0               0               [1.00]
 570		0               0               [0.94]
 571		0               0               [0.98]
 572		0               1               [0.93]
 573		0               0               [0.99]
 574		0               0               [0.99]
 575		0               0               [1.00]
 576		0               0               [0.97]
 577		0               0               [0.99]
 578		0               0               [0.97]
 579		0               0               [0.98]
 580		0               0               [1.00]
 581		0               1               [0.75]
 582		0               0               [1.00]
 583		0               0               [1.00]
 584		0               1               [0.96]
 585		0               0               [0.98]
 586		0               0               [0.98]
 587		0               1               [0.95]
 588		0               0               [0.98]
 589		0               0               [0.98]
 590		0               0               [1.00]
 591		0               0               [0.99]
 592		0               0               [0.98]
 593		0               0               [0.98]
 594		0               0               [0.99]
 595		0               0               [0.98]
 596		0               0               [0.99]
 597		0               1               [0.86]
 598		0               0               [0.84]
 599		0               1               [0.91]
 600		0               1               [0.96]
 601		0               0               [1.00]
 602		0               0               [0.97]
 603		0               0               [0.99]
 604		0               0               [0.98]
 605		0               0               [0.99]
 606		0               0               [1.00]
 607		0               0               [0.98]
 608		0               0               [0.95]
 609		0               0               [1.00]
 610		0               0               [0.95]
 611		0               0               [1.00]
 612		0               0               [0.99]
 613		0               0               [1.00]
 614		0               0               [0.97]
 615		0               0               [0.88]
 616		0               1               [0.94]
 617		0               0               [1.00]
 618		0               1               [0.96]
 619		0               0               [0.98]
 620		0               0               [0.98]
 621		0               0               [0.98]
 622		0               0               [0.98]
 623		0               1               [0.92]
 624		0               0               [1.00]
 625		0               1               [0.99]
 626		0               0               [0.99]
 627		0               0               [1.00]
 628		0               0               [1.00]
 629		0               0               [0.99]
 630		0               0               [0.99]
 631		0               0               [1.00]
 632		0               0               [0.98]
 633		0               1               [0.94]
 634		0               0               [0.97]
 635		0               0               [1.00]
 636		0               0               [0.99]
 637		0               1               [0.95]
 638		0               0               [0.98]
 639		0               1               [0.94]
 640		0               0               [0.98]
 641		0               0               [1.00]
 642		0               0               [0.97]
 643		0               0               [0.94]
 644		0               0               [1.00]
 645		0               1               [0.96]
 646		0               0               [1.00]
 647		0               0               [1.00]
 648		0               0               [0.99]
 649		0               0               [1.00]
 650		0               1               [0.94]
 651		0               1               [0.99]
 652		0               0               [0.99]
 653		0               1               [0.95]
 654		0               1               [0.99]
 655		0               0               [0.84]
 656		0               0               [0.99]
 657		0               0               [1.00]
 658		0               0               [1.00]
 659		0               0               [1.00]
 660		0               1               [0.91]
 661		0               0               [0.99]
 662		0               0               [0.99]
 663		0               0               [1.00]
 664		0               0               [0.98]
 665		0               1               [0.87]
 666		0               0               [0.90]
 667		0               0               [0.90]
 668		0               0               [0.94]
 669		0               0               [0.99]
 670		0               0               [0.91]
 671		0               0               [1.00]
 672		0               1               [0.99]
 673		0               0               [0.94]
 674		0               0               [1.00]
 675		0               0               [1.00]
 676		0               0               [1.00]
 677		0               1               [0.87]
 678		0               0               [0.99]
 679		0               0               [1.00]
 680		0               0               [1.00]
 681		0               0               [0.94]
 682		0               0               [0.99]
 683		0               0               [1.00]
 684		0               0               [0.99]
 685		0               0               [1.00]
 686		0               0               [1.00]
 687		0               0               [1.00]
 688		0               0               [1.00]
 689		0               0               [0.99]
 690		0               0               [0.99]
 691		0               0               [0.99]
 692		0               0               [1.00]
 693		0               0               [1.00]
 694		0               0               [1.00]
 695		0               1               [0.99]
 696		0               0               [0.99]
 697		0               0               [1.00]
 698		0               0               [1.00]
 699		0               1               [0.95]
 700		0               1               [0.99]
 701		0               0               [0.89]
 702		0               0               [0.98]
 703		0               0               [1.00]
 704		0               0               [0.97]
 705		0               0               [0.98]
 706		0               0               [1.00]
 707		0               1               [0.93]
 708		0               0               [0.98]
 709		0               0               [0.98]
 710		0               0               [0.99]
 711		0               0               [1.00]
 712		0               0               [1.00]
 713		0               1               [0.92]
 714		0               0               [1.00]
 715		0               0               [0.99]
 716		0               0               [0.98]
 717		0               0               [0.99]
 718		0               0               [1.00]
 719		0               1               [0.85]
 720		0               0               [0.97]
 721		0               0               [1.00]
 722		0               0               [1.00]
 723		0               0               [1.00]
 724		0               0               [1.00]
 725		0               0               [0.99]
 726		0               1               [0.98]
 727		0               0               [1.00]
 728		0               0               [0.94]
 729		0               0               [0.99]
 730		0               0               [0.99]
 731		0               0               [0.97]
 732		0               0               [1.00]
 733		0               0               [1.00]
 734		0               0               [0.99]
 735		0               0               [0.93]
 736		0               0               [1.00]
 737		0               0               [0.99]
 738		0               1               [0.75]
 739		0               0               [1.00]
 740		0               0               [0.93]
 741		0               0               [1.00]
 742		0               1               [0.63]
 743		0               0               [0.99]
 744		0               0               [1.00]
 745		0               0               [1.00]
 746		0               1               [0.81]
 747		0               0               [0.98]
 748		0               0               [0.94]
 749		0               0               [0.90]
 750		0               0               [0.99]
 751		0               0               [1.00]
 752		0               1               [0.98]
 753		0               0               [1.00]
 754		0               0               [1.00]
 755		0               0               [0.94]
 756		0               0               [0.94]
 757		0               0               [1.00]
 758		0               0               [1.00]
 759		0               0               [1.00]
 760		0               0               [1.00]
 761		0               0               [0.99]
 762		0               0               [1.00]
 763		0               0               [1.00]
 764		0               0               [1.00]
 765		0               0               [0.99]
 766		0               0               [1.00]
 767		0               0               [1.00]
 768		0               0               [1.00]
 769		0               0               [1.00]
 770		0               0               [0.94]
 771		0               1               [0.95]
 772		0               0               [1.00]
 773		0               0               [1.00]
 774		0               1               [0.95]
 775		0               0               [0.96]
 776		0               0               [0.99]
 777		0               0               [1.00]
 778		0               0               [1.00]
 779		0               0               [0.98]
 780		0               1               [0.94]
 781		0               0               [1.00]
 782		0               0               [0.97]
 783		0               0               [0.90]
 784		0               0               [1.00]
 785		0               0               [1.00]
 786		0               0               [0.99]
 787		0               0               [1.00]
 788		0               0               [1.00]
 789		0               0               [1.00]
 790		0               0               [1.00]
 791		0               1               [0.63]
 792		0               1               [0.94]
 793		0               0               [1.00]
 794		0               0               [1.00]
 795		0               0               [1.00]
 796		0               0               [1.00]
 797		0               0               [1.00]
 798		0               0               [1.00]
 799		0               0               [1.00]
 800		0               0               [0.94]
 801		0               0               [0.95]
 802		0               0               [0.99]
 803		0               0               [1.00]
 804		0               0               [1.00]
 805		0               0               [0.99]
 806		0               0               [1.00]
 807		0               1               [0.94]
 808		0               1               [0.94]
 809		0               0               [0.98]
 810		0               1               [0.99]
 811		0               0               [0.99]
 812		0               0               [0.67]
 813		0               0               [1.00]
 814		0               0               [0.99]
 815		0               0               [0.99]
 816		0               0               [0.95]
 817		0               0               [0.99]
 818		0               0               [1.00]
 819		0               0               [1.00]
 820		0               1               [0.75]
 821		0               0               [1.00]
 822		0               0               [1.00]
 823		0               0               [1.00]
 824		0               0               [1.00]
 825		0               0               [1.00]
 826		0               0               [1.00]
 827		0               0               [1.00]
 828		0               0               [0.99]
 829		0               0               [0.99]
 830		0               1               [0.94]
 831		0               0               [0.98]
 832		0               0               [1.00]
 833		0               1               [0.81]
 834		0               0               [0.99]
 835		0               0               [1.00]
 836		0               0               [1.00]
 837		0               0               [0.99]
 838		0               0               [0.99]
 839		0               0               [0.99]
 840		0               0               [1.00]
 841		0               0               [1.00]
 842		0               1               [0.99]
 843		0               0               [0.91]
 844		0               0               [1.00]
 845		0               1               [0.94]
 846		0               0               [0.98]
 847		0               0               [1.00]
 848		0               0               [1.00]
 849		0               0               [1.00]
 850		0               0               [1.00]
 851		0               0               [0.89]
 852		0               1               [0.99]
 853		0               0               [1.00]
 854		0               0               [0.94]
 855		0               0               [1.00]
 856		0               0               [1.00]
 857		0               0               [0.94]
 858		0               0               [0.96]
 859		0               0               [0.99]
 860		0               0               [0.88]
 861		0               0               [0.99]
 862		0               0               [1.00]
 863		0               0               [1.00]
 864		0               0               [0.98]
 865		0               1               [0.94]
 866		0               0               [1.00]
 867		0               0               [1.00]
 868		0               0               [1.00]
 869		0               0               [0.99]
 870		0               0               [0.99]
 871		0               1               [0.91]
 872		0               0               [1.00]
 873		0               0               [1.00]
 874		0               0               [1.00]
 875		0               1               [0.94]
 876		0               1               [0.98]
 877		0               1               [0.63]
 878		0               0               [1.00]
 879		0               1               [0.89]
 880		0               1               [0.94]
 881		0               0               [0.99]
 882		0               1               [0.82]
 883		0               0               [1.00]
 884		0               0               [0.99]
 885		0               1               [0.97]
 886		0               1               [0.96]
 887		0               0               [1.00]
 888		0               0               [0.94]
 889		0               0               [1.00]
 890		0               0               [0.97]
 891		0               0               [0.93]
 892		0               0               [1.00]
 893		0               1               [0.63]
 894		0               0               [1.00]
 895		0               0               [0.99]
 896		0               0               [1.00]
 897		0               0               [1.00]
 898		0               1               [0.96]
 899		0               0               [0.99]
 900		0               0               [1.00]
 901		0               0               [1.00]
 902		0               0               [1.00]
 903		0               0               [1.00]
 904		0               0               [0.89]
 905		0               0               [1.00]
 906		0               0               [1.00]
 907		0               0               [0.99]
 908		0               0               [1.00]
 909		0               0               [1.00]
 910		0               0               [1.00]
 911		0               0               [0.94]
 912		0               0               [1.00]
 913		0               0               [1.00]
 914		0               0               [1.00]
 915		0               0               [1.00]
 916		0               0               [1.00]
 917		0               0               [1.00]
 918		0               0               [1.00]
 919		0               0               [1.00]
 920		0               0               [1.00]
 921		0               0               [1.00]
 922		0               1               [0.63]
 923		0               0               [0.99]
 924		0               1               [0.94]
 925		0               1               [0.94]
 926		0               0               [0.94]
 927		0               0               [0.99]
 928		0               0               [1.00]
 929		0               0               [0.99]
 930		0               0               [0.99]
 931		0               0               [0.98]
 932		0               0               [1.00]
 933		0               0               [0.99]
 934		0               0               [0.99]
 935		0               0               [0.95]
 936		0               0               [0.98]
 937		0               0               [0.99]
 938		0               0               [0.90]
 939		0               0               [0.99]
 940		0               0               [0.99]
 941		0               0               [0.99]
 942		0               0               [1.00]
 943		0               0               [1.00]
 944		0               0               [0.99]
 945		0               0               [1.00]
 946		0               0               [1.00]
 947		0               0               [1.00]
 948		0               0               [1.00]
 949		0               1               [0.85]
 950		0               0               [1.00]
 951		0               0               [1.00]
 952		0               1               [0.89]
 953		0               0               [1.00]
 954		0               0               [0.98]
 955		0               0               [1.00]
 956		0               0               [0.98]
 957		0               0               [1.00]
 958		0               1               [0.94]
 959		0               0               [1.00]
 960		0               1               [0.98]
 961		0               0               [1.00]
 962		0               0               [1.00]
 963		0               0               [0.98]
 964		0               0               [1.00]
 965		0               1               [0.89]
 966		0               0               [1.00]
 967		0               0               [1.00]
 968		0               0               [0.98]
 969		0               0               [1.00]
 970		0               0               [1.00]
 971		0               0               [1.00]
 972		0               0               [1.00]
 973		0               0               [1.00]
 974		0               0               [1.00]
 975		0               0               [1.00]
 976		0               0               [1.00]
 977		0               0               [1.00]
 978		0               0               [1.00]
 979		0               0               [0.99]
 980		0               0               [1.00]
 981		0               0               [1.00]
 982		0               0               [0.99]
 983		0               0               [0.99]
 984		0               0               [0.99]
 985		0               0               [0.99]
 986		0               0               [0.94]
 987		0               1               [0.94]
 988		0               0               [1.00]
 989		0               0               [1.00]
 990		0               1               [0.94]
 991		0               1               [0.88]
 992		0               0               [0.99]
 993		0               0               [1.00]
 994		0               0               [0.97]
 995		0               0               [1.00]
 996		0               0               [1.00]
 997		0               0               [1.00]
 998		0               1               [0.99]
 999		0               0               [0.99]
1000		0               0               [0.99]
1001		0               1               [0.98]
1002		0               0               [0.98]
1003		0               0               [1.00]
1004		0               0               [1.00]
1005		0               1               [0.94]
1006		0               0               [0.88]
1007		0               0               [1.00]
1008		0               0               [1.00]
1009		0               0               [0.99]
1010		0               0               [1.00]
1011		0               0               [1.00]
1012		0               0               [1.00]
1013		0               0               [1.00]
1014		0               0               [1.00]
1015		0               1               [0.97]
1016		0               0               [1.00]
1017		0               0               [0.98]
1018		0               0               [1.00]
1019		0               0               [0.98]
1020		0               0               [0.91]
1021		0               0               [0.97]
1022		0               0               [0.99]
1023		0               1               [0.95]
1024		0               0               [1.00]
1025		0               0               [0.99]
1026		0               0               [1.00]
1027		0               1               [0.94]
1028		0               1               [0.98]
1029		0               0               [1.00]
1030		0               0               [0.94]
1031		0               0               [0.95]
1032		0               1               [0.99]
1033		0               0               [0.99]
1034		0               0               [1.00]
1035		0               0               [0.94]
1036		0               0               [0.96]
1037		0               0               [0.99]
1038		0               0               [1.00]
1039		0               0               [1.00]
1040		0               0               [1.00]
1041		0               0               [1.00]
1042		0               0               [1.00]
1043		0               0               [1.00]
1044		0               1               [0.94]
1045		0               0               [1.00]
1046		0               1               [0.90]
1047		0               0               [1.00]
1048		0               0               [1.00]
1049		0               0               [1.00]
1050		0               1               [0.75]
1051		0               0               [1.00]
1052		0               0               [0.99]
1053		0               0               [1.00]
1054		0               0               [0.99]
1055		0               0               [0.99]
1056		0               0               [1.00]
1057		0               1               [0.99]
1058		0               0               [0.99]
1059		0               1               [0.99]
1060		0               0               [1.00]
1061		0               0               [0.98]
1062		0               0               [0.99]
1063		0               0               [0.99]
1064		0               0               [1.00]
1065		0               0               [1.00]
1066		0               0               [1.00]
1067		0               0               [1.00]
1068		0               0               [1.00]
1069		0               0               [1.00]
1070		0               0               [1.00]
1071		0               0               [0.98]
1072		0               0               [1.00]
1073		0               0               [1.00]
1074		0               0               [1.00]
1075		0               0               [1.00]
1076		0               1               [0.94]
1077		0               1               [0.99]
1078		0               0               [1.00]
1079		0               0               [1.00]
1080		0               0               [0.99]
1081		0               0               [0.97]
1082		0               0               [1.00]
1083		0               0               [1.00]
1084		0               0               [1.00]
1085		0               0               [1.00]
1086		0               0               [1.00]
1087		0               0               [1.00]
1088		0               1               [0.82]
1089		0               0               [0.99]
1090		0               0               [0.99]
1091		0               0               [0.95]
1092		0               1               [0.95]
1093		0               0               [0.97]
1094		0               0               [1.00]
1095		0               0               [1.00]
1096		0               0               [1.00]
1097		0               1               [0.95]
1098		0               0               [0.99]
1099		0               0               [1.00]
1100		0               0               [0.99]
1101		0               0               [0.99]
1102		0               0               [1.00]
1103		0               1               [0.95]
1104		0               0               [1.00]
1105		0               0               [1.00]
1106		0               0               [1.00]
1107		0               0               [0.94]
1108		0               1               [0.99]
1109		0               0               [1.00]
1110		0               0               [0.99]
1111		0               0               [1.00]
1112		0               0               [1.00]
1113		0               0               [1.00]
1114		0               0               [1.00]
1115		0               0               [0.99]
1116		0               0               [1.00]
1117		0               0               [1.00]
1118		0               0               [1.00]
1119		0               0               [0.99]
1120		0               0               [0.99]
1121		0               1               [0.90]
1122		0               0               [0.98]
1123		0               0               [1.00]
1124		0               0               [1.00]
1125		0               0               [1.00]
1126		0               1               [0.92]
1127		0               0               [0.99]
1128		0               0               [0.95]
1129		0               0               [1.00]
1130		0               1               [0.92]
1131		0               0               [0.93]
1132		0               0               [0.96]
1133		0               0               [1.00]
1134		0               0               [1.00]
1135		0               0               [0.99]
1136		0               1               [0.75]
1137		0               0               [0.99]
1138		0               1               [0.63]
1139		0               0               [1.00]
1140		0               0               [1.00]
1141		0               0               [0.99]
1142		0               0               [1.00]
1143		0               0               [1.00]
1144		0               0               [0.93]
1145		0               0               [0.99]
1146		0               0               [0.96]
1147		0               0               [0.99]
1148		0               0               [0.99]
1149		0               0               [1.00]
1150		0               0               [0.99]
1151		0               0               [1.00]
1152		0               0               [1.00]
1153		0               0               [1.00]
1154		0               0               [0.99]
1155		0               0               [1.00]
1156		0               0               [1.00]
1157		0               0               [0.94]
1158		0               0               [1.00]
1159		0               0               [1.00]
1160		0               0               [1.00]
1161		0               0               [0.98]
1162		0               0               [1.00]
1163		0               0               [1.00]
1164		0               0               [1.00]
1165		0               0               [1.00]
1166		0               0               [1.00]
1167		0               0               [0.98]
1168		0               0               [1.00]
1169		0               1               [0.94]
1170		0               0               [1.00]
1171		0               0               [0.99]
1172		0               1               [0.94]
1173		0               0               [1.00]
1174		0               0               [0.98]
1175		0               1               [0.92]
1176		0               0               [1.00]
1177		0               0               [1.00]
1178		0               1               [0.93]
1179		0               0               [0.97]
1180		0               0               [0.99]
1181		0               0               [1.00]
1182		0               0               [0.98]
1183		0               1               [0.94]
1184		0               0               [1.00]
1185		0               0               [0.94]
1186		0               1               [0.95]
1187		0               0               [0.98]
1188		0               0               [1.00]
1189		0               0               [0.95]
1190		0               0               [1.00]
1191		0               0               [1.00]
1192		0               0               [1.00]
1193		0               0               [1.00]
1194		0               0               [0.97]
1195		0               0               [1.00]
1196		0               0               [1.00]
1197		0               0               [1.00]
1198		0               1               [0.63]
1199		0               1               [0.85]
1200		0               0               [1.00]
1201		0               1               [0.99]
1202		0               0               [1.00]
1203		0               0               [1.00]
1204		0               1               [0.96]
1205		0               0               [0.98]
1206		0               1               [0.63]
1207		0               0               [0.97]
1208		0               1               [0.94]
1209		0               1               [0.94]
1210		0               0               [0.97]
1211		0               1               [0.94]
1212		0               0               [1.00]
1213		0               0               [1.00]
1214		0               0               [1.00]
1215		0               0               [1.00]
1216		0               0               [0.99]
1217		0               0               [0.97]
1218		0               0               [0.98]
1219		0               1               [0.98]
1220		0               0               [0.97]
1221		0               0               [0.97]
1222		0               0               [1.00]
1223		0               0               [1.00]
1224		0               0               [1.00]
1225		0               0               [1.00]
1226		0               0               [1.00]
1227		0               0               [0.95]
1228		0               0               [1.00]
1229		0               0               [0.98]
1230		0               0               [1.00]
1231		0               0               [1.00]
1232		0               1               [0.94]
1233		0               0               [1.00]
1234		0               0               [1.00]
1235		0               0               [1.00]
1236		0               0               [1.00]
1237		0               0               [0.99]
1238		0               0               [0.98]
1239		0               0               [0.99]
1240		0               0               [1.00]
1241		0               0               [1.00]
1242		0               0               [0.96]
1243		0               0               [0.99]
1244		0               0               [0.98]
1245		0               1               [0.97]
1246		0               0               [1.00]
