Case		Given		Predicted
 No		Class		Class

   1		1               1               [0.97]
   2		1               1               [0.87]
   3		1               1               [0.93]
   4		1               1               [0.86]
   5		1               1               [0.93]
   6		1               0               [0.99]
   7		1               1               [0.98]
   8		1               1               [0.95]
   9		1               1               [0.90]
  10		1               1               [0.95]
  11		1               0               [0.73]
  12		1               0               [0.99]
  13		1               1               [0.93]
  14		1               0               [0.73]
  15		1               0               [0.89]
  16		1               0               [0.89]
  17		1               0               [0.93]
  18		1               1               [0.97]
  19		1               1               [0.95]
  20		1               1               [0.95]
  21		1               1               [0.93]
  22		1               1               [0.93]
  23		1               1               [0.93]
  24		1               1               [0.94]
  25		1               0               [0.95]
  26		1               0               [0.65]
  27		1               1               [0.98]
  28		1               0               [0.77]
  29		1               1               [0.97]
  30		1               1               [0.95]
  31		1               1               [0.95]
  32		1               0               [0.93]
  33		1               1               [0.93]
  34		1               1               [0.93]
  35		1               1               [0.98]
  36		1               1               [0.92]
  37		1               1               [0.92]
  38		1               1               [0.95]
  39		1               1               [0.96]
  40		1               1               [0.95]
  41		1               1               [0.93]
  42		1               1               [0.93]
  43		1               1               [0.97]
  44		1               1               [0.88]
  45		1               1               [0.88]
  46		1               1               [0.93]
  47		1               1               [0.73]
  48		1               0               [0.97]
  49		1               1               [0.95]
  50		1               1               [0.93]
  51		1               1               [0.92]
  52		1               0               [0.65]
  53		1               1               [0.98]
  54		1               1               [0.95]
  55		1               1               [0.93]
  56		1               0               [0.97]
  57		1               1               [0.97]
  58		1               1               [0.88]
  59		1               1               [0.93]
  60		1               0               [0.89]
  61		1               0               [0.95]
  62		1               0               [0.88]
  63		1               1               [0.93]
  64		1               1               [0.93]
  65		1               1               [0.97]
  66		1               1               [0.97]
  67		1               0               [0.97]
  68		1               0               [0.91]
  69		1               1               [0.94]
  70		1               0               [0.77]
  71		1               1               [0.88]
  72		1               0               [0.97]
  73		1               1               [0.97]
  74		1               0               [0.89]
  75		1               0               [0.88]
  76		1               1               [0.71]
  77		1               1               [0.96]
  78		1               1               [0.95]
  79		1               1               [0.93]
  80		1               0               [0.92]
  81		1               1               [0.73]
  82		1               0               [0.97]
  83		1               1               [0.95]
  84		1               1               [0.95]
  85		1               1               [0.98]
  86		1               0               [0.92]
  87		1               1               [0.96]
  88		1               1               [0.98]
  89		1               1               [0.96]
  90		1               1               [0.98]
  91		1               1               [0.98]
  92		1               1               [0.88]
  93		1               0               [0.89]
  94		1               0               [0.73]
  95		1               1               [0.93]
  96		1               1               [0.85]
  97		1               1               [0.98]
  98		1               0               [0.86]
  99		1               1               [0.88]
 100		1               0               [0.98]
 101		1               0               [0.77]
 102		1               1               [0.85]
 103		1               0               [0.77]
 104		1               1               [0.95]
 105		1               1               [0.95]
 106		1               1               [0.96]
 107		1               1               [0.96]
 108		1               1               [0.88]
 109		1               1               [0.94]
 110		1               1               [0.95]
 111		1               0               [0.97]
 112		1               1               [0.95]
 113		1               1               [0.92]
 114		1               1               [0.96]
 115		1               1               [0.98]
 116		1               1               [0.92]
 117		1               1               [0.98]
 118		1               0               [0.77]
 119		1               1               [0.87]
 120		1               1               [0.94]
 121		1               1               [0.93]
 122		1               1               [0.91]
 123		1               1               [0.94]
 124		1               1               [0.96]
 125		1               1               [0.95]
 126		1               0               [0.77]
 127		1               1               [0.97]
 128		1               0               [0.77]
 129		1               1               [0.95]
 130		1               0               [0.96]
 131		1               1               [0.90]
 132		1               0               [0.96]
 133		1               1               [0.90]
 134		1               1               [0.96]
 135		1               0               [0.97]
 136		1               0               [0.98]
 137		1               1               [0.93]
 138		1               1               [0.93]
 139		1               1               [0.88]
 140		1               1               [0.88]
 141		1               1               [0.93]
 142		1               1               [0.88]
 143		1               1               [0.95]
 144		1               1               [0.98]
 145		1               0               [0.93]
 146		1               1               [0.93]
 147		1               0               [0.99]
 148		1               1               [0.97]
 149		1               1               [0.88]
 150		1               1               [0.93]
 151		1               1               [0.96]
 152		1               0               [0.96]
 153		1               1               [0.98]
 154		1               1               [0.98]
 155		1               1               [0.98]
 156		1               0               [0.99]
 157		1               0               [0.95]
 158		1               1               [0.95]
 159		1               1               [0.93]
 160		1               1               [0.98]
 161		1               1               [0.95]
 162		1               1               [0.98]
 163		1               1               [0.88]
 164		1               0               [0.77]
 165		1               1               [0.95]
 166		1               1               [0.92]
 167		1               0               [0.97]
 168		1               1               [0.88]
 169		1               0               [0.92]
 170		1               1               [0.93]
 171		1               1               [0.94]
 172		1               1               [0.95]
 173		1               1               [0.91]
 174		1               0               [0.99]
 175		1               1               [0.95]
 176		1               1               [0.98]
 177		1               1               [0.93]
 178		1               0               [0.90]
 179		1               1               [0.88]
 180		1               1               [0.90]
 181		1               1               [0.98]
 182		1               0               [0.91]
 183		1               0               [0.96]
 184		1               1               [0.88]
 185		1               1               [0.88]
 186		1               1               [0.93]
 187		1               1               [0.98]
 188		1               1               [0.93]
 189		1               1               [0.88]
 190		1               1               [0.94]
 191		1               1               [0.91]
 192		1               1               [0.98]
 193		1               1               [0.98]
 194		1               1               [0.77]
 195		1               0               [0.96]
 196		1               1               [0.88]
 197		1               1               [0.96]
 198		1               1               [0.97]
 199		1               1               [0.87]
 200		1               0               [0.88]
 201		1               0               [0.77]
 202		1               1               [0.95]
 203		1               1               [0.71]
 204		1               1               [0.97]
 205		1               1               [0.96]
 206		1               1               [0.93]
 207		1               1               [0.73]
 208		1               1               [0.93]
 209		1               0               [0.99]
 210		1               1               [0.90]
 211		1               0               [0.99]
 212		1               0               [0.77]
 213		1               1               [0.82]
 214		1               1               [0.98]
 215		1               1               [0.98]
 216		1               0               [0.97]
 217		1               0               [0.96]
 218		1               0               [0.77]
 219		1               1               [0.97]
 220		1               1               [0.97]
 221		1               1               [0.90]
 222		1               1               [0.95]
 223		1               1               [0.90]
 224		1               0               [0.77]
 225		1               1               [0.98]
 226		1               0               [0.92]
 227		1               0               [0.97]
 228		1               1               [0.98]
 229		1               1               [0.96]
 230		1               1               [0.98]
 231		1               0               [0.90]
 232		1               1               [0.88]
 233		1               1               [0.97]
 234		1               1               [0.93]
 235		1               1               [0.93]
 236		1               1               [0.93]
 237		1               1               [0.93]
 238		1               1               [0.93]
 239		1               1               [0.93]
 240		1               1               [0.88]
 241		1               0               [0.97]
 242		1               1               [0.97]
 243		1               1               [0.95]
 244		1               0               [0.95]
 245		1               0               [0.97]
 246		1               0               [0.97]
 247		1               1               [0.97]
 248		1               0               [0.72]
 249		1               1               [0.96]
 250		1               1               [0.88]
 251		1               1               [0.91]
 252		1               0               [0.96]
 253		1               1               [0.86]
 254		1               1               [0.97]
 255		1               1               [0.86]
 256		1               1               [0.98]
 257		1               1               [0.93]
 258		1               1               [0.95]
 259		1               1               [0.87]
 260		1               1               [0.98]
 261		1               1               [0.98]
 262		1               1               [0.95]
 263		1               0               [0.96]
 264		1               1               [0.97]
 265		1               1               [0.88]
 266		1               1               [0.96]
 267		1               1               [0.96]
 268		1               1               [0.87]
 269		1               1               [0.85]
 270		1               0               [0.95]
 271		1               1               [0.87]
 272		1               1               [0.97]
 273		1               0               [0.98]
 274		1               1               [0.98]
 275		1               0               [0.77]
 276		1               1               [0.98]
 277		1               1               [0.97]
 278		1               1               [0.88]
 279		1               1               [0.95]
 280		1               0               [0.77]
 281		1               1               [0.97]
 282		1               1               [0.97]
 283		1               1               [0.91]
 284		1               1               [0.88]
 285		1               1               [0.88]
 286		1               1               [0.98]
 287		1               0               [0.93]
 288		1               0               [0.96]
 289		1               0               [0.80]
 290		1               1               [0.95]
 291		1               0               [0.90]
 292		1               0               [0.93]
 293		1               0               [0.73]
 294		1               1               [0.96]
 295		1               1               [0.95]
 296		1               0               [0.90]
 297		1               0               [0.99]
 298		1               1               [0.90]
 299		1               1               [0.85]
 300		1               1               [0.97]
 301		1               1               [0.95]
 302		1               1               [0.94]
 303		1               1               [0.98]
 304		1               1               [0.97]
 305		1               0               [0.97]
 306		1               1               [0.93]
 307		1               1               [0.96]
 308		1               1               [0.71]
 309		1               1               [0.90]
 310		1               0               [0.90]
 311		1               1               [0.87]
 312		1               1               [0.95]
 313		1               1               [0.98]
 314		1               1               [0.97]
 315		1               1               [0.90]
 316		1               1               [0.95]
 317		1               1               [0.93]
 318		1               1               [0.96]
 319		1               1               [0.96]
 320		1               0               [0.96]
 321		1               1               [0.97]
 322		1               1               [0.90]
 323		1               1               [0.97]
 324		1               1               [0.95]
 325		1               1               [0.97]
 326		1               1               [0.95]
 327		1               1               [0.95]
 328		1               1               [0.97]
 329		1               0               [0.99]
 330		1               1               [0.93]
 331		1               1               [0.88]
 332		1               0               [0.99]
 333		1               1               [0.97]
 334		1               1               [0.98]
 335		1               1               [0.93]
 336		1               0               [0.95]
 337		1               1               [0.98]
 338		1               0               [0.82]
 339		1               1               [0.97]
 340		1               1               [0.95]
 341		1               1               [0.87]
 342		1               1               [0.97]
 343		1               1               [0.88]
 344		1               1               [0.93]
 345		1               0               [1.00]
 346		1               1               [0.95]
 347		1               1               [0.96]
 348		1               1               [0.88]
 349		1               1               [0.97]
 350		1               0               [0.77]
 351		1               0               [0.77]
 352		1               1               [0.85]
 353		1               1               [0.71]
 354		1               0               [0.77]
 355		1               1               [0.96]
 356		0               1               [0.98]
 357		0               0               [0.97]
 358		0               0               [0.97]
 359		0               0               [0.99]
 360		0               0               [0.97]
 361		0               0               [0.99]
 362		0               0               [0.97]
 363		0               0               [0.98]
 364		0               0               [0.99]
 365		0               0               [0.96]
 366		0               0               [0.99]
 367		0               0               [0.99]
 368		0               0               [0.99]
 369		0               0               [0.99]
 370		0               0               [0.97]
 371		0               0               [0.99]
 372		0               0               [0.99]
 373		0               0               [0.99]
 374		0               0               [0.97]
 375		0               0               [0.97]
 376		0               0               [0.99]
 377		0               0               [0.77]
 378		0               0               [0.99]
 379		0               0               [0.99]
 380		0               0               [0.99]
 381		0               0               [0.99]
 382		0               0               [0.96]
 383		0               0               [0.89]
 384		0               0               [0.90]
 385		0               1               [0.98]
 386		0               0               [0.97]
 387		0               0               [0.88]
 388		0               0               [0.88]
 389		0               0               [0.97]
 390		0               0               [0.93]
 391		0               1               [0.92]
 392		0               0               [0.97]
 393		0               0               [0.98]
 394		0               0               [0.99]
 395		0               0               [1.00]
 396		0               0               [0.99]
 397		0               0               [0.99]
 398		0               0               [0.99]
 399		0               0               [0.99]
 400		0               1               [0.93]
 401		0               1               [0.92]
 402		0               0               [0.97]
 403		0               0               [0.97]
 404		0               0               [0.99]
 405		0               0               [0.99]
 406		0               0               [0.97]
 407		0               0               [1.00]
 408		0               0               [0.95]
 409		0               0               [1.00]
 410		0               0               [0.99]
 411		0               0               [0.88]
 412		0               0               [0.97]
 413		0               0               [0.65]
 414		0               0               [0.97]
 415		0               0               [1.00]
 416		0               0               [0.96]
 417		0               0               [0.96]
 418		0               0               [0.99]
 419		0               0               [0.99]
 420		0               0               [0.98]
 421		0               0               [0.91]
 422		0               0               [0.99]
 423		0               0               [0.77]
 424		0               0               [0.88]
 425		0               0               [0.97]
 426		0               0               [0.99]
 427		0               0               [0.77]
 428		0               0               [0.99]
 429		0               1               [0.95]
 430		0               0               [0.97]
 431		0               0               [0.97]
 432		0               0               [0.99]
 433		0               0               [0.98]
 434		0               0               [1.00]
 435		0               1               [0.88]
 436		0               0               [0.99]
 437		0               0               [0.99]
 438		0               0               [0.91]
 439		0               0               [0.97]
 440		0               0               [0.97]
 441		0               0               [0.80]
 442		0               0               [0.99]
 443		0               0               [1.00]
 444		0               0               [0.97]
 445		0               0               [1.00]
 446		0               1               [0.94]
 447		0               1               [0.98]
 448		0               0               [0.99]
 449		0               0               [0.93]
 450		0               0               [0.97]
 451		0               0               [0.95]
 452		0               0               [0.99]
 453		0               0               [0.96]
 454		0               0               [0.99]
 455		0               0               [0.99]
 456		0               0               [0.90]
 457		0               0               [0.91]
 458		0               0               [1.00]
 459		0               0               [0.77]
 460		0               0               [0.99]
 461		0               0               [0.99]
 462		0               0               [0.97]
 463		0               1               [0.95]
 464		0               0               [0.97]
 465		0               1               [0.97]
 466		0               0               [0.99]
 467		0               0               [0.99]
 468		0               0               [0.99]
 469		0               1               [0.97]
 470		0               0               [0.99]
 471		0               0               [1.00]
 472		0               0               [0.98]
 473		0               0               [0.97]
 474		0               0               [0.99]
 475		0               0               [0.65]
 476		0               0               [0.97]
 477		0               1               [0.97]
 478		0               1               [0.97]
 479		0               0               [0.97]
 480		0               1               [0.90]
 481		0               0               [0.95]
 482		0               0               [0.97]
 483		0               0               [0.99]
 484		0               0               [1.00]
 485		0               0               [0.97]
 486		0               0               [0.96]
 487		0               1               [0.95]
 488		0               0               [0.90]
 489		0               0               [0.97]
 490		0               0               [0.99]
 491		0               0               [1.00]
 492		0               0               [1.00]
 493		0               0               [0.97]
 494		0               0               [0.93]
 495		0               0               [0.97]
 496		0               1               [0.95]
 497		0               0               [0.97]
 498		0               0               [0.97]
 499		0               0               [0.99]
 500		0               0               [0.99]
 501		0               0               [1.00]
 502		0               0               [0.99]
 503		0               0               [0.99]
 504		0               1               [0.98]
 505		0               0               [0.96]
 506		0               0               [1.00]
 507		0               0               [0.99]
 508		0               0               [0.92]
 509		0               0               [0.89]
 510		0               0               [0.99]
 511		0               0               [0.99]
 512		0               0               [0.99]
 513		0               0               [0.99]
 514		0               1               [0.95]
 515		0               0               [0.90]
 516		0               0               [0.97]
 517		0               0               [0.97]
 518		0               0               [0.89]
 519		0               0               [0.99]
 520		0               0               [0.98]
 521		0               0               [0.97]
 522		0               0               [0.94]
 523		0               0               [0.99]
 524		0               0               [0.97]
 525		0               0               [1.00]
 526		0               0               [0.90]
 527		0               0               [0.99]
 528		0               1               [0.94]
 529		0               1               [0.95]
 530		0               0               [0.99]
 531		0               0               [0.99]
 532		0               0               [0.99]
 533		0               0               [0.77]
 534		0               0               [0.99]
 535		0               0               [0.99]
 536		0               0               [0.99]
 537		0               0               [0.77]
 538		0               0               [0.99]
 539		0               0               [0.98]
 540		0               0               [0.98]
 541		0               0               [0.90]
 542		0               1               [0.96]
 543		0               0               [0.77]
 544		0               0               [0.95]
 545		0               0               [0.99]
 546		0               1               [0.90]
 547		0               0               [0.96]
 548		0               0               [0.97]
 549		0               0               [0.98]
 550		0               1               [0.85]
 551		0               1               [0.95]
 552		0               0               [1.00]
 553		0               0               [0.99]
 554		0               0               [1.00]
 555		0               0               [1.00]
 556		0               0               [0.99]
 557		0               0               [0.90]
 558		0               0               [1.00]
 559		0               0               [0.97]
 560		0               1               [0.95]
 561		0               0               [0.97]
 562		0               1               [0.96]
 563		0               0               [0.97]
 564		0               0               [0.96]
 565		0               0               [0.99]
 566		0               1               [0.95]
 567		0               0               [0.89]
 568		0               0               [1.00]
 569		0               0               [1.00]
 570		0               0               [0.97]
 571		0               1               [0.96]
 572		0               0               [0.97]
 573		0               0               [0.97]
 574		0               0               [1.00]
 575		0               0               [0.99]
 576		0               0               [0.97]
 577		0               0               [0.96]
 578		0               0               [0.99]
 579		0               0               [0.97]
 580		0               0               [0.91]
 581		0               0               [0.98]
 582		0               0               [0.89]
 583		0               0               [0.99]
 584		0               1               [0.93]
 585		0               0               [1.00]
 586		0               0               [0.98]
 587		0               0               [0.99]
 588		0               0               [0.96]
 589		0               1               [0.78]
 590		0               0               [0.91]
 591		0               0               [1.00]
 592		0               0               [0.99]
 593		0               1               [0.92]
 594		0               0               [0.96]
 595		0               0               [0.97]
 596		0               0               [0.91]
 597		0               0               [1.00]
 598		0               1               [0.98]
 599		0               0               [0.97]
 600		0               0               [0.97]
 601		0               0               [0.97]
 602		0               0               [1.00]
 603		0               0               [0.77]
 604		0               0               [1.00]
 605		0               0               [0.96]
 606		0               0               [0.96]
 607		0               0               [0.91]
 608		0               0               [1.00]
 609		0               0               [0.97]
 610		0               0               [0.97]
 611		0               0               [1.00]
 612		0               0               [0.97]
 613		0               1               [0.96]
 614		0               0               [0.97]
 615		0               0               [0.93]
 616		0               0               [0.77]
 617		0               0               [0.97]
 618		0               1               [0.98]
 619		0               0               [0.98]
 620		0               0               [0.77]
 621		0               0               [0.96]
 622		0               0               [0.98]
 623		0               0               [0.96]
 624		0               1               [0.94]
 625		0               0               [0.97]
 626		0               0               [0.99]
 627		0               0               [1.00]
 628		0               0               [0.97]
 629		0               0               [1.00]
 630		0               0               [0.65]
 631		0               0               [1.00]
 632		0               0               [0.72]
 633		0               1               [0.93]
 634		0               0               [0.89]
 635		0               0               [0.97]
 636		0               0               [0.89]
 637		0               0               [0.77]
 638		0               0               [0.97]
 639		0               0               [0.99]
 640		0               0               [0.97]
 641		0               0               [0.99]
 642		0               0               [0.97]
 643		0               0               [0.89]
 644		0               0               [0.96]
 645		0               0               [0.89]
 646		0               0               [1.00]
 647		0               0               [0.99]
 648		0               0               [0.97]
 649		0               0               [1.00]
 650		0               0               [0.77]
 651		0               1               [0.87]
 652		0               1               [0.94]
 653		0               1               [0.96]
 654		0               1               [0.95]
 655		0               1               [0.77]
 656		0               0               [0.80]
 657		0               0               [1.00]
 658		0               0               [0.99]
 659		0               0               [1.00]
 660		0               0               [0.96]
 661		0               0               [0.96]
 662		0               0               [1.00]
 663		0               0               [0.99]
 664		0               0               [0.97]
 665		0               0               [0.96]
 666		0               0               [1.00]
 667		0               0               [1.00]
 668		0               0               [0.99]
 669		0               1               [0.92]
 670		0               0               [0.97]
 671		0               0               [0.99]
 672		0               0               [0.99]
 673		0               0               [1.00]
 674		0               0               [0.99]
 675		0               0               [0.99]
 676		0               0               [0.99]
 677		0               0               [0.91]
 678		0               0               [0.89]
 679		0               0               [1.00]
 680		0               0               [1.00]
 681		0               0               [0.97]
 682		0               0               [1.00]
 683		0               0               [0.99]
 684		0               0               [1.00]
 685		0               0               [1.00]
 686		0               0               [1.00]
 687		0               0               [0.91]
 688		0               0               [1.00]
 689		0               0               [1.00]
 690		0               0               [1.00]
 691		0               0               [1.00]
 692		0               0               [0.98]
 693		0               0               [0.99]
 694		0               0               [0.99]
 695		0               1               [0.90]
 696		0               0               [1.00]
 697		0               0               [1.00]
 698		0               0               [1.00]
 699		0               1               [0.91]
 700		0               1               [0.95]
 701		0               0               [0.90]
 702		0               0               [0.97]
 703		0               0               [0.91]
 704		0               1               [0.85]
 705		0               0               [0.98]
 706		0               0               [0.97]
 707		0               0               [1.00]
 708		0               0               [0.96]
 709		0               1               [0.93]
 710		0               0               [0.99]
 711		0               0               [1.00]
 712		0               0               [0.96]
 713		0               0               [0.77]
 714		0               0               [1.00]
 715		0               0               [1.00]
 716		0               0               [0.97]
 717		0               1               [0.71]
 718		0               0               [1.00]
 719		0               0               [0.99]
 720		0               1               [0.71]
 721		0               0               [1.00]
 722		0               0               [1.00]
 723		0               0               [1.00]
 724		0               0               [0.91]
 725		0               0               [1.00]
 726		0               1               [0.88]
 727		0               0               [1.00]
 728		0               0               [0.97]
 729		0               0               [0.99]
 730		0               0               [1.00]
 731		0               0               [0.95]
 732		0               0               [0.97]
 733		0               0               [1.00]
 734		0               0               [1.00]
 735		0               0               [0.95]
 736		0               0               [1.00]
 737		0               0               [1.00]
 738		0               0               [1.00]
 739		0               0               [1.00]
 740		0               0               [1.00]
 741		0               0               [0.96]
 742		0               0               [1.00]
 743		0               0               [1.00]
 744		0               0               [1.00]
 745		0               0               [1.00]
 746		0               0               [0.99]
 747		0               0               [1.00]
 748		0               0               [1.00]
 749		0               0               [1.00]
 750		0               0               [1.00]
 751		0               0               [1.00]
 752		0               1               [0.96]
 753		0               0               [1.00]
 754		0               0               [0.99]
 755		0               0               [0.99]
 756		0               0               [1.00]
 757		0               0               [1.00]
 758		0               0               [0.97]
 759		0               0               [0.65]
 760		0               0               [1.00]
 761		0               0               [0.96]
 762		0               0               [1.00]
 763		0               0               [1.00]
 764		0               0               [1.00]
 765		0               1               [0.95]
 766		0               0               [1.00]
 767		0               0               [0.97]
 768		0               0               [1.00]
 769		0               0               [0.99]
 770		0               0               [1.00]
 771		0               0               [0.97]
 772		0               0               [1.00]
 773		0               0               [1.00]
 774		0               0               [0.97]
 775		0               0               [1.00]
 776		0               0               [1.00]
 777		0               0               [1.00]
 778		0               0               [1.00]
 779		0               1               [0.96]
 780		0               0               [0.96]
 781		0               0               [1.00]
 782		0               1               [0.90]
 783		0               0               [1.00]
 784		0               0               [1.00]
 785		0               0               [1.00]
 786		0               0               [1.00]
 787		0               0               [0.95]
 788		0               0               [0.99]
 789		0               0               [0.99]
 790		0               0               [1.00]
 791		0               0               [1.00]
 792		0               0               [0.73]
 793		0               0               [1.00]
 794		0               0               [1.00]
 795		0               0               [1.00]
 796		0               0               [1.00]
 797		0               0               [0.97]
 798		0               0               [1.00]
 799		0               0               [1.00]
 800		0               0               [1.00]
 801		0               0               [0.97]
 802		0               0               [1.00]
 803		0               0               [1.00]
 804		0               0               [0.98]
 805		0               0               [1.00]
 806		0               0               [0.99]
 807		0               1               [0.95]
 808		0               0               [1.00]
 809		0               0               [0.72]
 810		0               1               [0.97]
 811		0               0               [0.99]
 812		0               0               [0.89]
 813		0               0               [0.99]
 814		0               0               [1.00]
 815		0               1               [0.71]
 816		0               0               [0.77]
 817		0               0               [1.00]
 818		0               0               [0.98]
 819		0               0               [1.00]
 820		0               0               [1.00]
 821		0               0               [1.00]
 822		0               0               [1.00]
 823		0               0               [1.00]
 824		0               0               [1.00]
 825		0               0               [1.00]
 826		0               0               [1.00]
 827		0               0               [0.99]
 828		0               0               [0.95]
 829		0               0               [0.99]
 830		0               0               [0.97]
 831		0               0               [0.97]
 832		0               0               [1.00]
 833		0               0               [0.99]
 834		0               0               [0.77]
 835		0               0               [0.99]
 836		0               0               [1.00]
 837		0               0               [0.97]
 838		0               0               [1.00]
 839		0               0               [1.00]
 840		0               0               [1.00]
 841		0               0               [0.99]
 842		0               0               [0.77]
 843		0               0               [0.99]
 844		0               0               [1.00]
 845		0               1               [0.92]
 846		0               0               [0.97]
 847		0               0               [1.00]
 848		0               0               [1.00]
 849		0               0               [1.00]
 850		0               0               [0.93]
 851		0               0               [0.65]
 852		0               1               [0.87]
 853		0               0               [0.99]
 854		0               0               [1.00]
 855		0               0               [1.00]
 856		0               1               [0.97]
 857		0               0               [0.97]
 858		0               0               [1.00]
 859		0               0               [1.00]
 860		0               0               [1.00]
 861		0               0               [1.00]
 862		0               0               [1.00]
 863		0               0               [0.96]
 864		0               0               [1.00]
 865		0               0               [1.00]
 866		0               0               [0.93]
 867		0               0               [0.99]
 868		0               0               [1.00]
 869		0               1               [0.95]
 870		0               0               [1.00]
 871		0               0               [0.73]
 872		0               0               [1.00]
 873		0               0               [1.00]
 874		0               0               [1.00]
 875		0               0               [1.00]
 876		0               1               [0.88]
 877		0               0               [0.96]
 878		0               0               [1.00]
 879		0               0               [0.98]
 880		0               0               [0.80]
 881		0               0               [0.99]
 882		0               0               [0.96]
 883		0               0               [0.99]
 884		0               0               [0.97]
 885		0               0               [0.99]
 886		0               0               [0.97]
 887		0               0               [0.97]
 888		0               0               [1.00]
 889		0               0               [0.99]
 890		0               0               [0.98]
 891		0               0               [1.00]
 892		0               0               [0.99]
 893		0               0               [1.00]
 894		0               0               [0.92]
 895		0               1               [0.96]
 896		0               0               [1.00]
 897		0               1               [0.96]
 898		0               1               [0.78]
 899		0               0               [0.96]
 900		0               0               [1.00]
 901		0               0               [1.00]
 902		0               0               [1.00]
 903		0               0               [1.00]
 904		0               0               [0.99]
 905		0               0               [0.97]
 906		0               0               [1.00]
 907		0               0               [1.00]
 908		0               0               [1.00]
 909		0               0               [1.00]
 910		0               0               [1.00]
 911		0               0               [1.00]
 912		0               0               [1.00]
 913		0               0               [0.99]
 914		0               0               [1.00]
 915		0               0               [0.99]
 916		0               0               [0.99]
 917		0               0               [1.00]
 918		0               0               [0.95]
 919		0               0               [1.00]
 920		0               0               [0.99]
 921		0               0               [1.00]
 922		0               0               [0.98]
 923		0               0               [1.00]
 924		0               1               [0.71]
 925		0               0               [1.00]
 926		0               1               [0.96]
 927		0               0               [1.00]
 928		0               0               [1.00]
 929		0               0               [0.99]
 930		0               0               [1.00]
 931		0               0               [0.97]
 932		0               0               [0.97]
 933		0               0               [1.00]
 934		0               0               [0.99]
 935		0               0               [0.96]
 936		0               0               [1.00]
 937		0               0               [1.00]
 938		0               0               [1.00]
 939		0               0               [1.00]
 940		0               0               [0.99]
 941		0               1               [0.71]
 942		0               0               [0.90]
 943		0               0               [0.95]
 944		0               0               [1.00]
 945		0               0               [1.00]
 946		0               0               [1.00]
 947		0               0               [0.99]
 948		0               0               [1.00]
 949		0               0               [0.96]
 950		0               0               [0.99]
 951		0               0               [1.00]
 952		0               0               [0.80]
 953		0               0               [0.91]
 954		0               1               [0.95]
 955		0               0               [1.00]
 956		0               0               [0.96]
 957		0               0               [1.00]
 958		0               1               [0.95]
 959		0               0               [0.96]
 960		0               1               [0.85]
 961		0               0               [1.00]
 962		0               0               [1.00]
 963		0               0               [0.99]
 964		0               0               [1.00]
 965		0               0               [0.91]
 966		0               0               [0.99]
 967		0               0               [0.89]
 968		0               0               [0.99]
 969		0               0               [0.97]
 970		0               0               [1.00]
 971		0               0               [0.99]
 972		0               0               [0.99]
 973		0               0               [1.00]
 974		0               0               [1.00]
 975		0               0               [0.97]
 976		0               0               [1.00]
 977		0               0               [0.99]
 978		0               0               [1.00]
 979		0               0               [0.99]
 980		0               0               [1.00]
 981		0               0               [1.00]
 982		0               0               [1.00]
 983		0               0               [0.99]
 984		0               0               [1.00]
 985		0               0               [0.99]
 986		0               0               [1.00]
 987		0               0               [1.00]
 988		0               0               [1.00]
 989		0               0               [1.00]
 990		0               0               [0.77]
 991		0               0               [0.99]
 992		0               1               [0.94]
 993		0               0               [1.00]
 994		0               0               [0.97]
 995		0               0               [1.00]
 996		0               0               [1.00]
 997		0               0               [1.00]
 998		0               1               [0.95]
 999		0               1               [0.96]
1000		0               0               [1.00]
1001		0               0               [1.00]
1002		0               1               [0.93]
1003		0               0               [0.97]
1004		0               0               [1.00]
1005		0               0               [0.99]
1006		0               0               [0.97]
1007		0               0               [0.99]
1008		0               0               [0.89]
1009		0               0               [0.99]
1010		0               0               [1.00]
1011		0               0               [1.00]
1012		0               0               [0.91]
1013		0               0               [1.00]
1014		0               0               [1.00]
1015		0               1               [0.92]
1016		0               0               [1.00]
1017		0               0               [1.00]
1018		0               0               [1.00]
1019		0               0               [0.89]
1020		0               0               [0.96]
1021		0               0               [1.00]
1022		0               0               [1.00]
1023		0               0               [0.93]
1024		0               0               [1.00]
1025		0               0               [0.99]
1026		0               0               [1.00]
1027		0               0               [0.89]
1028		0               1               [0.93]
1029		0               0               [0.99]
1030		0               0               [1.00]
1031		0               0               [0.97]
1032		0               0               [0.89]
1033		0               0               [0.99]
1034		0               0               [1.00]
1035		0               0               [1.00]
1036		0               0               [0.97]
1037		0               0               [1.00]
1038		0               0               [1.00]
1039		0               0               [1.00]
1040		0               0               [1.00]
1041		0               0               [1.00]
1042		0               0               [1.00]
1043		0               0               [1.00]
1044		0               1               [0.92]
1045		0               0               [1.00]
1046		0               0               [1.00]
1047		0               0               [0.97]
1048		0               0               [1.00]
1049		0               0               [1.00]
1050		0               0               [1.00]
1051		0               0               [0.99]
1052		0               0               [1.00]
1053		0               0               [1.00]
1054		0               0               [1.00]
1055		0               0               [1.00]
1056		0               0               [0.99]
1057		0               1               [0.73]
1058		0               0               [1.00]
1059		0               1               [0.95]
1060		0               0               [0.97]
1061		0               1               [0.90]
1062		0               0               [1.00]
1063		0               0               [0.99]
1064		0               0               [0.99]
1065		0               0               [1.00]
1066		0               0               [1.00]
1067		0               0               [0.99]
1068		0               0               [0.98]
1069		0               0               [1.00]
1070		0               0               [0.99]
1071		0               0               [0.97]
1072		0               0               [0.97]
1073		0               0               [1.00]
1074		0               0               [1.00]
1075		0               0               [1.00]
1076		0               0               [0.95]
1077		0               1               [0.95]
1078		0               0               [1.00]
1079		0               0               [1.00]
1080		0               0               [1.00]
1081		0               0               [0.96]
1082		0               0               [1.00]
1083		0               0               [1.00]
1084		0               0               [1.00]
1085		0               0               [1.00]
1086		0               0               [0.99]
1087		0               0               [1.00]
1088		0               0               [0.97]
1089		0               0               [1.00]
1090		0               0               [1.00]
1091		0               0               [1.00]
1092		0               0               [0.97]
1093		0               0               [0.73]
1094		0               0               [1.00]
1095		0               0               [1.00]
1096		0               0               [1.00]
1097		0               1               [0.91]
1098		0               0               [0.73]
1099		0               0               [0.99]
1100		0               0               [1.00]
1101		0               0               [1.00]
1102		0               1               [0.93]
1103		0               0               [0.95]
1104		0               0               [1.00]
1105		0               0               [1.00]
1106		0               0               [1.00]
1107		0               0               [0.99]
1108		0               0               [0.97]
1109		0               0               [1.00]
1110		0               0               [1.00]
1111		0               0               [1.00]
1112		0               0               [1.00]
1113		0               0               [1.00]
1114		0               0               [0.99]
1115		0               0               [0.96]
1116		0               0               [0.96]
1117		0               0               [0.99]
1118		0               0               [1.00]
1119		0               0               [0.97]
1120		0               0               [1.00]
1121		0               0               [0.97]
1122		0               0               [0.90]
1123		0               0               [0.99]
1124		0               0               [1.00]
1125		0               0               [1.00]
1126		0               0               [0.99]
1127		0               0               [1.00]
1128		0               0               [1.00]
1129		0               0               [0.99]
1130		0               1               [0.97]
1131		0               1               [0.87]
1132		0               0               [1.00]
1133		0               0               [1.00]
1134		0               0               [1.00]
1135		0               0               [0.99]
1136		0               0               [0.98]
1137		0               0               [0.99]
1138		0               0               [1.00]
1139		0               1               [0.98]
1140		0               0               [0.97]
1141		0               0               [1.00]
1142		0               0               [1.00]
1143		0               0               [0.88]
1144		0               0               [1.00]
1145		0               0               [1.00]
1146		0               0               [0.96]
1147		0               0               [1.00]
1148		0               0               [1.00]
1149		0               0               [1.00]
1150		0               1               [0.90]
1151		0               0               [1.00]
1152		0               0               [0.99]
1153		0               0               [0.99]
1154		0               0               [1.00]
1155		0               0               [1.00]
1156		0               0               [1.00]
1157		0               0               [0.97]
1158		0               0               [0.99]
1159		0               0               [1.00]
1160		0               0               [1.00]
1161		0               1               [0.87]
1162		0               0               [0.99]
1163		0               0               [1.00]
1164		0               0               [1.00]
1165		0               0               [1.00]
1166		0               0               [1.00]
1167		0               0               [1.00]
1168		0               0               [1.00]
1169		0               0               [0.97]
1170		0               0               [1.00]
1171		0               0               [1.00]
1172		0               0               [0.99]
1173		0               0               [1.00]
1174		0               0               [0.82]
1175		0               0               [0.98]
1176		0               0               [1.00]
1177		0               0               [0.99]
1178		0               1               [0.96]
1179		0               1               [0.98]
1180		0               0               [1.00]
1181		0               0               [1.00]
1182		0               0               [1.00]
1183		0               0               [0.97]
1184		0               0               [1.00]
1185		0               0               [0.97]
1186		0               0               [0.99]
1187		0               0               [0.99]
1188		0               0               [0.98]
1189		0               0               [0.90]
1190		0               0               [1.00]
1191		0               0               [1.00]
1192		0               0               [1.00]
1193		0               0               [0.99]
1194		0               0               [1.00]
1195		0               0               [1.00]
1196		0               0               [1.00]
1197		0               0               [1.00]
1198		0               0               [1.00]
1199		0               1               [0.88]
1200		0               0               [1.00]
1201		0               1               [0.87]
1202		0               0               [1.00]
1203		0               0               [0.96]
1204		0               0               [0.95]
1205		0               0               [1.00]
1206		0               0               [0.90]
1207		0               0               [0.93]
1208		0               0               [0.95]
1209		0               0               [0.95]
1210		0               0               [0.95]
1211		0               0               [0.95]
1212		0               0               [1.00]
1213		0               0               [0.93]
1214		0               0               [1.00]
1215		0               0               [1.00]
1216		0               1               [0.96]
1217		0               0               [1.00]
1218		0               0               [1.00]
1219		0               1               [0.98]
1220		0               0               [1.00]
1221		0               0               [0.91]
1222		0               0               [1.00]
1223		0               0               [0.95]
1224		0               0               [0.96]
1225		0               0               [1.00]
1226		0               0               [1.00]
1227		0               0               [1.00]
1228		0               0               [1.00]
1229		0               0               [0.99]
1230		0               0               [1.00]
1231		0               0               [1.00]
1232		0               0               [0.91]
1233		0               0               [1.00]
1234		0               0               [1.00]
1235		0               0               [0.97]
1236		0               0               [1.00]
1237		0               0               [1.00]
1238		0               0               [0.97]
1239		0               0               [0.97]
1240		0               0               [0.99]
1241		0               0               [0.91]
1242		0               1               [0.90]
1243		0               0               [0.95]
1244		0               0               [0.88]
1245		0               1               [0.85]
1246		0               0               [1.00]
