Case		Given		Predicted
 No		Class		Class

   1		1               1               [0.99]
   2		1               1               [0.98]
   3		1               1               [0.85]
   4		1               1               [0.95]
   5		1               1               [0.85]
   6		1               0               [0.95]
   7		1               0               [0.97]
   8		1               1               [0.97]
   9		1               1               [0.93]
  10		1               1               [0.95]
  11		1               0               [0.95]
  12		1               1               [0.87]
  13		1               0               [0.91]
  14		1               0               [0.91]
  15		1               1               [0.89]
  16		1               1               [0.94]
  17		1               1               [0.89]
  18		1               1               [0.99]
  19		1               0               [0.97]
  20		1               1               [0.97]
  21		1               1               [0.96]
  22		1               0               [0.89]
  23		1               1               [0.99]
  24		1               1               [0.91]
  25		1               0               [0.91]
  26		1               1               [0.91]
  27		1               1               [0.99]
  28		1               0               [0.97]
  29		1               1               [0.99]
  30		1               0               [0.97]
  31		1               1               [0.97]
  32		1               1               [0.87]
  33		1               1               [0.91]
  34		1               1               [0.93]
  35		1               1               [0.97]
  36		1               1               [0.98]
  37		1               1               [0.87]
  38		1               1               [0.97]
  39		1               1               [0.97]
  40		1               1               [0.94]
  41		1               1               [0.90]
  42		1               1               [0.93]
  43		1               1               [0.99]
  44		1               1               [0.96]
  45		1               1               [0.97]
  46		1               0               [0.79]
  47		1               1               [0.91]
  48		1               1               [1.00]
  49		1               1               [0.97]
  50		1               1               [0.99]
  51		1               1               [0.98]
  52		1               1               [0.91]
  53		1               1               [0.91]
  54		1               1               [0.99]
  55		1               0               [0.91]
  56		1               0               [0.83]
  57		1               1               [0.99]
  58		1               1               [0.89]
  59		1               1               [0.93]
  60		1               0               [0.93]
  61		1               1               [0.98]
  62		1               0               [0.91]
  63		1               1               [0.99]
  64		1               1               [0.85]
  65		1               1               [0.99]
  66		1               1               [0.99]
  67		1               0               [0.87]
  68		1               0               [0.91]
  69		1               1               [0.96]
  70		1               0               [0.97]
  71		1               1               [0.96]
  72		1               1               [0.93]
  73		1               1               [0.99]
  74		1               0               [0.87]
  75		1               0               [0.88]
  76		1               0               [0.70]
  77		1               1               [0.99]
  78		1               1               [0.91]
  79		1               1               [0.98]
  80		1               1               [0.91]
  81		1               1               [0.89]
  82		1               1               [0.91]
  83		1               1               [0.99]
  84		1               0               [0.95]
  85		1               1               [0.94]
  86		1               0               [0.95]
  87		1               0               [0.91]
  88		1               0               [0.91]
  89		1               0               [0.95]
  90		1               1               [0.94]
  91		1               1               [0.94]
  92		1               0               [0.95]
  93		1               0               [0.91]
  94		1               1               [0.97]
  95		1               1               [0.96]
  96		1               1               [0.95]
  97		1               1               [0.93]
  98		1               1               [0.89]
  99		1               1               [0.95]
 100		1               1               [0.99]
 101		1               0               [0.88]
 102		1               1               [0.99]
 103		1               1               [0.91]
 104		1               1               [0.89]
 105		1               1               [0.98]
 106		1               0               [0.90]
 107		1               0               [0.87]
 108		1               1               [0.95]
 109		1               1               [0.89]
 110		1               0               [0.95]
 111		1               1               [0.98]
 112		1               1               [0.94]
 113		1               0               [0.89]
 114		1               1               [0.98]
 115		1               0               [0.97]
 116		1               0               [0.83]
 117		1               0               [0.95]
 118		1               1               [0.99]
 119		1               1               [0.84]
 120		1               0               [0.91]
 121		1               1               [0.99]
 122		1               1               [0.93]
 123		1               1               [0.96]
 124		1               1               [0.98]
 125		1               1               [0.96]
 126		1               1               [0.91]
 127		1               1               [0.94]
 128		1               1               [0.99]
 129		1               1               [0.94]
 130		1               1               [0.96]
 131		1               0               [0.91]
 132		1               0               [0.98]
 133		1               1               [0.94]
 134		1               0               [0.95]
 135		1               1               [0.94]
 136		1               1               [0.94]
 137		1               1               [0.95]
 138		1               0               [0.91]
 139		1               1               [0.91]
 140		1               0               [0.95]
 141		1               0               [0.91]
 142		1               0               [0.91]
 143		1               0               [0.91]
 144		1               1               [0.94]
 145		1               1               [0.93]
 146		1               1               [0.94]
 147		1               1               [0.95]
 148		1               1               [0.99]
 149		1               0               [0.95]
 150		1               1               [0.95]
 151		1               0               [0.91]
 152		1               0               [0.92]
 153		1               1               [0.94]
 154		1               1               [0.94]
 155		1               1               [0.94]
 156		1               0               [0.94]
 157		1               0               [0.91]
 158		1               1               [0.94]
 159		1               1               [0.87]
 160		1               1               [0.94]
 161		1               0               [0.95]
 162		1               1               [0.94]
 163		1               1               [0.99]
 164		1               1               [0.99]
 165		1               1               [0.87]
 166		1               1               [0.89]
 167		1               0               [0.95]
 168		1               0               [0.90]
 169		1               0               [0.93]
 170		1               0               [0.98]
 171		1               0               [0.91]
 172		1               0               [0.98]
 173		1               0               [0.91]
 174		1               0               [0.97]
 175		1               0               [0.95]
 176		1               1               [0.94]
 177		1               0               [0.91]
 178		1               1               [0.95]
 179		1               1               [0.95]
 180		1               1               [0.89]
 181		1               1               [0.89]
 182		1               1               [0.99]
 183		1               1               [0.91]
 184		1               0               [0.96]
 185		1               0               [0.67]
 186		1               1               [0.93]
 187		1               1               [0.94]
 188		1               1               [0.93]
 189		1               1               [1.00]
 190		1               1               [0.96]
 191		1               0               [0.91]
 192		1               1               [0.94]
 193		1               1               [0.97]
 194		1               0               [0.96]
 195		1               0               [0.88]
 196		1               1               [0.96]
 197		1               1               [0.99]
 198		1               1               [0.99]
 199		1               0               [0.96]
 200		1               1               [0.95]
 201		1               1               [0.99]
 202		1               0               [0.91]
 203		1               1               [0.95]
 204		1               1               [0.96]
 205		1               1               [0.87]
 206		1               1               [0.93]
 207		1               1               [0.87]
 208		1               1               [0.87]
 209		1               0               [0.95]
 210		1               0               [0.98]
 211		1               0               [0.97]
 212		1               1               [0.95]
 213		1               1               [0.96]
 214		1               1               [0.99]
 215		1               1               [0.94]
 216		1               0               [0.95]
 217		1               1               [0.96]
 218		1               1               [0.95]
 219		1               1               [0.99]
 220		1               1               [0.99]
 221		1               0               [0.91]
 222		1               1               [0.99]
 223		1               0               [0.76]
 224		1               0               [0.91]
 225		1               1               [0.94]
 226		1               1               [0.89]
 227		1               0               [0.98]
 228		1               1               [0.94]
 229		1               1               [0.96]
 230		1               1               [0.97]
 231		1               1               [0.96]
 232		1               0               [0.97]
 233		1               1               [0.99]
 234		1               1               [0.96]
 235		1               0               [0.87]
 236		1               1               [0.93]
 237		1               1               [0.97]
 238		1               0               [0.97]
 239		1               1               [0.93]
 240		1               0               [0.91]
 241		1               1               [0.94]
 242		1               1               [0.98]
 243		1               1               [0.84]
 244		1               1               [0.99]
 245		1               1               [0.93]
 246		1               1               [0.95]
 247		1               1               [0.99]
 248		1               0               [0.97]
 249		1               1               [0.89]
 250		1               1               [0.93]
 251		1               1               [0.96]
 252		1               1               [0.96]
 253		1               0               [0.95]
 254		1               1               [0.99]
 255		1               1               [0.99]
 256		1               1               [0.94]
 257		1               1               [0.93]
 258		1               0               [0.96]
 259		1               1               [0.94]
 260		1               1               [0.85]
 261		1               1               [0.85]
 262		1               0               [0.87]
 263		1               1               [0.98]
 264		1               1               [0.99]
 265		1               1               [0.95]
 266		1               1               [0.87]
 267		1               1               [0.95]
 268		1               1               [0.87]
 269		1               1               [0.99]
 270		1               0               [0.98]
 271		1               0               [0.83]
 272		1               1               [0.99]
 273		1               1               [0.94]
 274		1               1               [0.96]
 275		1               1               [0.89]
 276		1               1               [0.94]
 277		1               1               [0.99]
 278		1               1               [0.85]
 279		1               1               [0.94]
 280		1               0               [0.95]
 281		1               1               [0.99]
 282		1               1               [0.99]
 283		1               1               [0.91]
 284		1               0               [0.67]
 285		1               1               [0.98]
 286		1               1               [0.97]
 287		1               1               [0.96]
 288		1               0               [0.91]
 289		1               1               [0.91]
 290		1               0               [0.92]
 291		1               1               [0.98]
 292		1               1               [0.87]
 293		1               0               [0.91]
 294		1               0               [0.93]
 295		1               1               [0.87]
 296		1               1               [0.98]
 297		1               1               [0.96]
 298		1               0               [0.91]
 299		1               1               [0.96]
 300		1               1               [0.99]
 301		1               1               [0.85]
 302		1               1               [0.96]
 303		1               1               [0.94]
 304		1               1               [0.99]
 305		1               0               [0.91]
 306		1               1               [0.99]
 307		1               0               [0.75]
 308		1               1               [0.95]
 309		1               1               [0.93]
 310		1               1               [0.96]
 311		1               0               [0.95]
 312		1               0               [0.84]
 313		1               0               [0.91]
 314		1               1               [0.99]
 315		1               1               [0.95]
 316		1               1               [0.99]
 317		1               1               [0.97]
 318		1               0               [0.73]
 319		1               1               [0.99]
 320		1               1               [0.93]
 321		1               1               [0.99]
 322		1               1               [0.98]
 323		1               0               [0.98]
 324		1               0               [0.98]
 325		1               1               [0.99]
 326		1               1               [0.83]
 327		1               1               [0.98]
 328		1               0               [0.67]
 329		1               0               [0.95]
 330		1               1               [0.95]
 331		1               0               [0.91]
 332		1               0               [0.94]
 333		1               0               [0.95]
 334		1               1               [0.91]
 335		1               0               [0.91]
 336		1               0               [0.87]
 337		1               1               [0.94]
 338		1               0               [0.91]
 339		1               1               [0.99]
 340		1               1               [0.94]
 341		1               1               [0.98]
 342		1               1               [0.99]
 343		1               0               [0.98]
 344		1               1               [0.94]
 345		1               0               [0.94]
 346		1               1               [0.85]
 347		1               0               [0.86]
 348		1               1               [0.94]
 349		1               1               [0.99]
 350		1               0               [0.98]
 351		1               1               [0.89]
 352		1               1               [0.95]
 353		1               1               [0.95]
 354		1               0               [0.83]
 355		1               0               [0.83]
 356		0               1               [0.94]
 357		0               0               [0.91]
 358		0               1               [0.93]
 359		0               0               [0.95]
 360		0               0               [0.81]
 361		0               0               [0.96]
 362		0               0               [0.93]
 363		0               0               [0.96]
 364		0               0               [0.96]
 365		0               1               [0.93]
 366		0               1               [0.97]
 367		0               0               [0.93]
 368		0               1               [0.97]
 369		0               0               [0.96]
 370		0               0               [0.95]
 371		0               0               [0.96]
 372		0               0               [0.96]
 373		0               0               [0.96]
 374		0               0               [0.91]
 375		0               1               [0.91]
 376		0               0               [0.96]
 377		0               1               [0.89]
 378		0               0               [0.96]
 379		0               0               [0.96]
 380		0               0               [0.82]
 381		0               0               [0.96]
 382		0               0               [0.95]
 383		0               0               [0.94]
 384		0               1               [0.89]
 385		0               0               [0.96]
 386		0               0               [0.96]
 387		0               1               [0.94]
 388		0               1               [0.94]
 389		0               0               [0.96]
 390		0               0               [0.85]
 391		0               1               [0.88]
 392		0               0               [0.89]
 393		0               0               [0.98]
 394		0               0               [0.96]
 395		0               0               [0.96]
 396		0               0               [0.96]
 397		0               0               [0.96]
 398		0               0               [0.96]
 399		0               0               [0.96]
 400		0               1               [0.91]
 401		0               0               [0.83]
 402		0               0               [0.76]
 403		0               0               [0.96]
 404		0               0               [0.96]
 405		0               0               [0.96]
 406		0               1               [0.95]
 407		0               0               [0.98]
 408		0               1               [0.94]
 409		0               0               [0.94]
 410		0               0               [0.89]
 411		0               0               [0.96]
 412		0               0               [0.97]
 413		0               1               [0.89]
 414		0               0               [0.96]
 415		0               0               [0.98]
 416		0               0               [0.87]
 417		0               0               [0.97]
 418		0               0               [0.96]
 419		0               0               [0.96]
 420		0               0               [0.89]
 421		0               0               [0.98]
 422		0               0               [0.96]
 423		0               0               [0.83]
 424		0               0               [0.83]
 425		0               0               [0.96]
 426		0               0               [0.96]
 427		0               0               [0.97]
 428		0               0               [0.96]
 429		0               0               [0.98]
 430		0               0               [0.97]
 431		0               0               [0.91]
 432		0               0               [0.96]
 433		0               1               [0.94]
 434		0               0               [0.94]
 435		0               0               [0.94]
 436		0               0               [0.96]
 437		0               0               [0.96]
 438		0               0               [0.96]
 439		0               0               [0.96]
 440		0               0               [0.96]
 441		0               1               [0.94]
 442		0               0               [0.94]
 443		0               0               [0.91]
 444		0               0               [0.87]
 445		0               0               [0.98]
 446		0               0               [0.98]
 447		0               0               [0.83]
 448		0               0               [0.96]
 449		0               1               [0.96]
 450		0               0               [0.96]
 451		0               1               [0.97]
 452		0               0               [0.96]
 453		0               1               [0.89]
 454		0               0               [0.96]
 455		0               0               [0.96]
 456		0               0               [0.83]
 457		0               0               [0.98]
 458		0               0               [0.96]
 459		0               0               [0.91]
 460		0               0               [0.96]
 461		0               0               [0.98]
 462		0               0               [0.96]
 463		0               1               [0.96]
 464		0               0               [0.96]
 465		0               0               [0.84]
 466		0               0               [0.96]
 467		0               0               [0.96]
 468		0               0               [0.96]
 469		0               1               [0.94]
 470		0               0               [0.96]
 471		0               0               [0.96]
 472		0               0               [0.98]
 473		0               0               [0.89]
 474		0               0               [0.96]
 475		0               0               [0.91]
 476		0               0               [0.80]
 477		0               0               [0.97]
 478		0               0               [0.96]
 479		0               0               [0.98]
 480		0               0               [0.98]
 481		0               0               [0.95]
 482		0               0               [0.96]
 483		0               0               [0.96]
 484		0               1               [0.91]
 485		0               0               [0.96]
 486		0               1               [0.89]
 487		0               0               [0.98]
 488		0               0               [0.97]
 489		0               0               [0.96]
 490		0               0               [0.96]
 491		0               0               [0.96]
 492		0               0               [0.93]
 493		0               0               [0.84]
 494		0               0               [0.82]
 495		0               0               [0.87]
 496		0               1               [0.89]
 497		0               1               [0.93]
 498		0               0               [0.98]
 499		0               0               [0.95]
 500		0               0               [0.76]
 501		0               0               [0.76]
 502		0               0               [0.82]
 503		0               0               [0.96]
 504		0               0               [0.86]
 505		0               0               [0.96]
 506		0               0               [0.94]
 507		0               0               [0.96]
 508		0               0               [0.93]
 509		0               0               [0.96]
 510		0               0               [0.96]
 511		0               0               [0.91]
 512		0               0               [0.96]
 513		0               1               [0.94]
 514		0               0               [0.95]
 515		0               1               [0.94]
 516		0               0               [0.96]
 517		0               0               [0.83]
 518		0               1               [0.96]
 519		0               0               [0.96]
 520		0               0               [0.96]
 521		0               0               [0.96]
 522		0               0               [0.95]
 523		0               0               [0.96]
 524		0               0               [0.86]
 525		0               0               [0.95]
 526		0               1               [0.96]
 527		0               0               [0.98]
 528		0               0               [0.97]
 529		0               0               [0.90]
 530		0               0               [0.95]
 531		0               0               [0.95]
 532		0               0               [0.81]
 533		0               1               [1.00]
 534		0               0               [0.93]
 535		0               0               [0.96]
 536		0               0               [0.95]
 537		0               0               [0.90]
 538		0               0               [0.95]
 539		0               0               [0.76]
 540		0               0               [0.97]
 541		0               0               [0.97]
 542		0               1               [0.97]
 543		0               1               [0.89]
 544		0               0               [0.91]
 545		0               0               [0.98]
 546		0               1               [0.89]
 547		0               0               [0.84]
 548		0               0               [0.90]
 549		0               0               [0.89]
 550		0               0               [0.95]
 551		0               1               [0.88]
 552		0               0               [0.94]
 553		0               0               [0.94]
 554		0               0               [0.94]
 555		0               0               [0.76]
 556		0               0               [0.81]
 557		0               0               [0.67]
 558		0               0               [0.95]
 559		0               0               [0.98]
 560		0               0               [0.95]
 561		0               0               [0.86]
 562		0               0               [0.98]
 563		0               1               [0.95]
 564		0               0               [0.86]
 565		0               0               [0.94]
 566		0               1               [0.94]
 567		0               0               [0.91]
 568		0               0               [0.76]
 569		0               0               [0.98]
 570		0               0               [0.96]
 571		0               0               [0.91]
 572		0               0               [0.95]
 573		0               0               [0.87]
 574		0               0               [0.94]
 575		0               0               [0.96]
 576		0               0               [0.97]
 577		0               0               [0.90]
 578		0               0               [0.95]
 579		0               1               [0.94]
 580		0               0               [0.98]
 581		0               0               [0.98]
 582		0               0               [0.96]
 583		0               0               [0.94]
 584		0               0               [0.96]
 585		0               1               [0.91]
 586		0               0               [0.98]
 587		0               0               [0.86]
 588		0               1               [0.89]
 589		0               0               [0.88]
 590		0               1               [0.90]
 591		0               0               [0.94]
 592		0               0               [0.95]
 593		0               1               [0.89]
 594		0               0               [0.91]
 595		0               0               [0.95]
 596		0               0               [0.98]
 597		0               1               [1.00]
 598		0               0               [0.98]
 599		0               0               [0.97]
 600		0               1               [0.93]
 601		0               0               [0.96]
 602		0               0               [0.95]
 603		0               0               [0.97]
 604		0               0               [0.98]
 605		0               0               [0.94]
 606		0               0               [0.98]
 607		0               0               [0.84]
 608		0               0               [0.82]
 609		0               0               [0.96]
 610		0               0               [0.94]
 611		0               0               [0.98]
 612		0               0               [0.96]
 613		0               0               [0.83]
 614		0               0               [0.94]
 615		0               0               [0.82]
 616		0               0               [0.95]
 617		0               0               [0.76]
 618		0               0               [0.95]
 619		0               0               [0.97]
 620		0               0               [0.97]
 621		0               1               [0.89]
 622		0               1               [0.88]
 623		0               0               [0.91]
 624		0               0               [0.94]
 625		0               0               [0.91]
 626		0               0               [0.96]
 627		0               0               [0.94]
 628		0               0               [0.95]
 629		0               0               [0.76]
 630		0               0               [0.98]
 631		0               0               [0.94]
 632		0               0               [0.87]
 633		0               0               [0.91]
 634		0               0               [0.95]
 635		0               0               [0.84]
 636		0               0               [0.95]
 637		0               1               [0.91]
 638		0               0               [0.98]
 639		0               0               [0.87]
 640		0               0               [0.90]
 641		0               0               [0.76]
 642		0               0               [0.81]
 643		0               0               [0.96]
 644		0               0               [0.95]
 645		0               0               [0.95]
 646		0               0               [0.96]
 647		0               0               [0.95]
 648		0               0               [0.86]
 649		0               0               [0.94]
 650		0               0               [0.91]
 651		0               0               [0.91]
 652		0               0               [0.95]
 653		0               0               [0.87]
 654		0               0               [0.91]
 655		0               1               [0.87]
 656		0               0               [0.91]
 657		0               1               [0.93]
 658		0               0               [0.98]
 659		0               0               [0.91]
 660		0               1               [0.98]
 661		0               1               [0.95]
 662		0               0               [0.93]
 663		0               0               [0.93]
 664		0               0               [0.86]
 665		0               0               [0.91]
 666		0               0               [0.98]
 667		0               0               [0.98]
 668		0               0               [0.96]
 669		0               0               [0.95]
 670		0               0               [0.87]
 671		0               0               [0.96]
 672		0               0               [0.76]
 673		0               0               [0.96]
 674		0               0               [0.96]
 675		0               0               [0.95]
 676		0               0               [0.96]
 677		0               0               [0.98]
 678		0               0               [0.98]
 679		0               0               [0.98]
 680		0               0               [0.94]
 681		0               0               [0.91]
 682		0               0               [0.93]
 683		0               0               [0.96]
 684		0               0               [0.98]
 685		0               0               [0.96]
 686		0               0               [0.96]
 687		0               0               [0.96]
 688		0               0               [0.95]
 689		0               0               [0.98]
 690		0               0               [0.94]
 691		0               0               [0.94]
 692		0               0               [0.97]
 693		0               0               [0.96]
 694		0               0               [0.90]
 695		0               1               [0.87]
 696		0               0               [0.98]
 697		0               0               [0.98]
 698		0               1               [0.95]
 699		0               1               [0.91]
 700		0               0               [0.98]
 701		0               0               [0.91]
 702		0               1               [0.89]
 703		0               0               [0.96]
 704		0               0               [0.98]
 705		0               0               [0.86]
 706		0               0               [0.96]
 707		0               0               [0.94]
 708		0               1               [0.93]
 709		0               1               [0.87]
 710		0               0               [0.98]
 711		0               0               [0.91]
 712		0               0               [0.89]
 713		0               1               [0.95]
 714		0               0               [0.76]
 715		0               0               [0.98]
 716		0               0               [0.76]
 717		0               0               [0.86]
 718		0               0               [0.96]
 719		0               0               [0.95]
 720		0               1               [0.95]
 721		0               0               [0.98]
 722		0               0               [0.98]
 723		0               0               [0.94]
 724		0               0               [0.86]
 725		0               0               [0.94]
 726		0               1               [0.94]
 727		0               0               [0.96]
 728		0               0               [0.87]
 729		0               0               [0.96]
 730		0               0               [0.98]
 731		0               1               [0.96]
 732		0               0               [0.96]
 733		0               0               [0.98]
 734		0               0               [0.84]
 735		0               1               [0.94]
 736		0               0               [0.95]
 737		0               0               [0.94]
 738		0               0               [0.91]
 739		0               0               [0.98]
 740		0               0               [0.94]
 741		0               0               [0.96]
 742		0               0               [0.94]
 743		0               0               [0.94]
 744		0               1               [0.93]
 745		0               0               [0.95]
 746		0               0               [0.96]
 747		0               0               [0.81]
 748		0               0               [0.96]
 749		0               0               [0.98]
 750		0               0               [0.94]
 751		0               0               [0.91]
 752		0               0               [0.80]
 753		0               0               [0.96]
 754		0               0               [0.94]
 755		0               1               [0.84]
 756		0               0               [0.82]
 757		0               0               [0.93]
 758		0               0               [0.96]
 759		0               0               [0.83]
 760		0               0               [0.98]
 761		0               1               [0.83]
 762		0               0               [0.96]
 763		0               0               [0.94]
 764		0               0               [0.96]
 765		0               0               [0.95]
 766		0               0               [0.96]
 767		0               0               [0.95]
 768		0               0               [0.96]
 769		0               0               [0.96]
 770		0               1               [0.97]
 771		0               1               [0.99]
 772		0               0               [0.94]
 773		0               0               [0.89]
 774		0               0               [0.75]
 775		0               0               [0.98]
 776		0               0               [0.98]
 777		0               0               [0.96]
 778		0               0               [0.96]
 779		0               1               [0.89]
 780		0               1               [0.89]
 781		0               0               [0.93]
 782		0               1               [0.96]
 783		0               0               [0.98]
 784		0               0               [0.96]
 785		0               0               [0.84]
 786		0               0               [0.98]
 787		0               0               [0.96]
 788		0               0               [0.96]
 789		0               1               [0.96]
 790		0               0               [0.94]
 791		0               1               [0.93]
 792		0               1               [0.85]
 793		0               0               [0.98]
 794		0               0               [0.98]
 795		0               0               [0.98]
 796		0               0               [0.98]
 797		0               0               [0.96]
 798		0               0               [0.96]
 799		0               0               [0.98]
 800		0               0               [0.81]
 801		0               1               [0.91]
 802		0               0               [0.94]
 803		0               0               [0.98]
 804		0               0               [0.76]
 805		0               0               [0.94]
 806		0               0               [0.96]
 807		0               0               [0.86]
 808		0               0               [0.91]
 809		0               1               [0.97]
 810		0               1               [0.99]
 811		0               0               [0.97]
 812		0               0               [0.91]
 813		0               0               [0.96]
 814		0               0               [0.94]
 815		0               0               [0.94]
 816		0               1               [0.96]
 817		0               0               [0.98]
 818		0               0               [0.76]
 819		0               0               [0.98]
 820		0               0               [0.94]
 821		0               0               [0.96]
 822		0               0               [0.94]
 823		0               0               [0.98]
 824		0               0               [0.97]
 825		0               0               [0.98]
 826		0               0               [0.96]
 827		0               0               [0.95]
 828		0               0               [0.91]
 829		0               0               [0.98]
 830		0               0               [0.91]
 831		0               0               [0.96]
 832		0               0               [0.96]
 833		0               0               [0.96]
 834		0               0               [0.97]
 835		0               0               [0.96]
 836		0               0               [0.94]
 837		0               0               [0.91]
 838		0               0               [0.98]
 839		0               0               [0.98]
 840		0               1               [0.97]
 841		0               0               [0.94]
 842		0               0               [0.95]
 843		0               0               [0.95]
 844		0               0               [0.98]
 845		0               0               [0.90]
 846		0               1               [0.87]
 847		0               0               [0.96]
 848		0               0               [0.95]
 849		0               0               [0.96]
 850		0               0               [0.82]
 851		0               0               [0.91]
 852		0               1               [0.98]
 853		0               0               [0.94]
 854		0               0               [0.81]
 855		0               0               [0.84]
 856		0               1               [0.99]
 857		0               0               [0.96]
 858		0               0               [0.96]
 859		0               0               [0.91]
 860		0               0               [0.94]
 861		0               1               [1.00]
 862		0               0               [0.98]
 863		0               0               [0.96]
 864		0               0               [0.94]
 865		0               0               [0.96]
 866		0               0               [0.91]
 867		0               0               [0.98]
 868		0               0               [0.94]
 869		0               0               [0.94]
 870		0               0               [0.98]
 871		0               1               [0.87]
 872		0               0               [0.98]
 873		0               0               [0.94]
 874		0               0               [0.96]
 875		0               0               [0.96]
 876		0               1               [0.84]
 877		0               0               [0.91]
 878		0               0               [0.98]
 879		0               0               [0.97]
 880		0               0               [0.98]
 881		0               1               [0.98]
 882		0               0               [0.91]
 883		0               0               [0.96]
 884		0               1               [0.93]
 885		0               0               [0.91]
 886		0               0               [0.88]
 887		0               0               [0.95]
 888		0               0               [0.98]
 889		0               0               [0.96]
 890		0               0               [0.95]
 891		0               0               [0.93]
 892		0               0               [0.94]
 893		0               0               [0.81]
 894		0               0               [0.96]
 895		0               1               [0.96]
 896		0               0               [0.91]
 897		0               0               [0.96]
 898		0               0               [0.91]
 899		0               0               [0.84]
 900		0               0               [0.96]
 901		0               0               [0.98]
 902		0               0               [0.98]
 903		0               0               [0.98]
 904		0               0               [0.94]
 905		0               0               [0.94]
 906		0               0               [0.96]
 907		0               0               [0.94]
 908		0               0               [0.98]
 909		0               0               [0.98]
 910		0               0               [0.76]
 911		0               0               [0.98]
 912		0               0               [0.98]
 913		0               0               [0.96]
 914		0               0               [0.96]
 915		0               0               [0.96]
 916		0               0               [0.96]
 917		0               0               [0.95]
 918		0               0               [0.87]
 919		0               0               [0.98]
 920		0               0               [0.96]
 921		0               0               [0.96]
 922		0               0               [0.94]
 923		0               0               [0.98]
 924		0               0               [0.86]
 925		0               0               [0.96]
 926		0               0               [0.95]
 927		0               0               [0.94]
 928		0               0               [0.91]
 929		0               0               [0.96]
 930		0               0               [0.98]
 931		0               0               [0.95]
 932		0               1               [0.98]
 933		0               0               [0.86]
 934		0               0               [0.84]
 935		0               0               [0.87]
 936		0               1               [1.00]
 937		0               0               [0.98]
 938		0               0               [0.98]
 939		0               0               [0.98]
 940		0               0               [0.91]
 941		0               0               [0.94]
 942		0               0               [0.95]
 943		0               0               [0.91]
 944		0               0               [0.98]
 945		0               0               [0.94]
 946		0               0               [0.84]
 947		0               0               [0.89]
 948		0               0               [0.98]
 949		0               1               [0.96]
 950		0               0               [0.96]
 951		0               0               [0.91]
 952		0               0               [0.76]
 953		0               0               [0.91]
 954		0               1               [1.00]
 955		0               0               [0.98]
 956		0               1               [0.96]
 957		0               0               [0.94]
 958		0               1               [0.99]
 959		0               0               [0.98]
 960		0               0               [0.91]
 961		0               0               [0.91]
 962		0               0               [0.95]
 963		0               0               [0.91]
 964		0               0               [0.93]
 965		0               1               [0.95]
 966		0               0               [0.96]
 967		0               0               [0.96]
 968		0               0               [0.95]
 969		0               0               [0.89]
 970		0               0               [0.98]
 971		0               0               [0.96]
 972		0               0               [0.96]
 973		0               0               [0.96]
 974		0               0               [0.98]
 975		0               0               [0.95]
 976		0               0               [0.94]
 977		0               0               [0.96]
 978		0               0               [0.95]
 979		0               1               [0.89]
 980		0               0               [0.98]
 981		0               0               [0.84]
 982		0               0               [0.93]
 983		0               1               [0.97]
 984		0               0               [0.76]
 985		0               0               [0.95]
 986		0               0               [0.94]
 987		0               0               [0.95]
 988		0               0               [0.93]
 989		0               0               [0.98]
 990		0               1               [0.87]
 991		0               0               [0.96]
 992		0               0               [0.91]
 993		0               0               [0.94]
 994		0               0               [0.97]
 995		0               0               [0.98]
 996		0               0               [0.98]
 997		0               0               [0.98]
 998		0               0               [0.95]
 999		0               1               [0.89]
1000		0               0               [0.97]
1001		0               0               [0.95]
1002		0               1               [0.96]
1003		0               0               [0.96]
1004		0               0               [0.94]
1005		0               0               [0.94]
1006		0               0               [0.94]
1007		0               0               [0.94]
1008		0               1               [0.86]
1009		0               1               [0.95]
1010		0               0               [0.96]
1011		0               0               [0.96]
1012		0               0               [0.96]
1013		0               0               [0.98]
1014		0               0               [0.94]
1015		0               0               [0.95]
1016		0               0               [0.95]
1017		0               0               [0.98]
1018		0               0               [0.98]
1019		0               0               [0.95]
1020		0               0               [0.91]
1021		0               0               [0.98]
1022		0               0               [0.98]
1023		0               1               [1.00]
1024		0               0               [0.95]
1025		0               1               [0.93]
1026		0               0               [0.94]
1027		0               0               [0.95]
1028		0               1               [0.97]
1029		0               0               [0.89]
1030		0               0               [0.94]
1031		0               0               [0.95]
1032		0               1               [0.91]
1033		0               0               [0.96]
1034		0               0               [0.96]
1035		0               0               [0.95]
1036		0               0               [0.96]
1037		0               0               [0.97]
1038		0               0               [0.98]
1039		0               0               [0.98]
1040		0               0               [0.98]
1041		0               0               [0.96]
1042		0               0               [0.96]
1043		0               0               [0.98]
1044		0               1               [0.95]
1045		0               0               [0.98]
1046		0               0               [0.98]
1047		0               0               [0.96]
1048		0               0               [0.96]
1049		0               0               [0.98]
1050		0               0               [0.97]
1051		0               0               [0.98]
1052		0               0               [0.98]
1053		0               0               [0.96]
1054		0               0               [0.84]
1055		0               0               [0.97]
1056		0               0               [0.96]
1057		0               0               [0.76]
1058		0               0               [0.97]
1059		0               1               [0.87]
1060		0               0               [0.96]
1061		0               1               [0.95]
1062		0               0               [0.98]
1063		0               0               [0.94]
1064		0               0               [0.96]
1065		0               0               [0.96]
1066		0               0               [0.81]
1067		0               0               [0.95]
1068		0               0               [0.89]
1069		0               0               [0.96]
1070		0               0               [0.96]
1071		0               1               [0.93]
1072		0               0               [0.81]
1073		0               0               [0.94]
1074		0               0               [0.98]
1075		0               0               [0.98]
1076		0               1               [0.98]
1077		0               0               [0.97]
1078		0               0               [0.76]
1079		0               0               [0.95]
1080		0               0               [0.98]
1081		0               1               [0.96]
1082		0               0               [0.96]
1083		0               0               [0.96]
1084		0               0               [0.96]
1085		0               0               [0.98]
1086		0               0               [0.96]
1087		0               0               [0.94]
1088		0               0               [0.86]
1089		0               1               [0.95]
1090		0               0               [0.98]
1091		0               0               [0.97]
1092		0               0               [0.98]
1093		0               1               [0.97]
1094		0               0               [0.98]
1095		0               0               [0.98]
1096		0               0               [0.96]
1097		0               1               [0.91]
1098		0               0               [0.94]
1099		0               0               [0.96]
1100		0               0               [0.96]
1101		0               0               [0.98]
1102		0               0               [0.95]
1103		0               0               [0.84]
1104		0               0               [0.95]
1105		0               0               [0.96]
1106		0               1               [0.96]
1107		0               0               [0.90]
1108		0               0               [0.81]
1109		0               0               [0.98]
1110		0               0               [0.93]
1111		0               0               [0.98]
1112		0               0               [0.96]
1113		0               0               [0.91]
1114		0               0               [0.96]
1115		0               0               [0.96]
1116		0               0               [0.90]
1117		0               0               [0.96]
1118		0               0               [0.98]
1119		0               0               [0.98]
1120		0               0               [0.95]
1121		0               1               [0.95]
1122		0               1               [0.89]
1123		0               0               [0.96]
1124		0               0               [0.91]
1125		0               0               [0.96]
1126		0               0               [0.96]
1127		0               0               [0.91]
1128		0               0               [0.98]
1129		0               0               [0.96]
1130		0               1               [0.99]
1131		0               1               [0.87]
1132		0               0               [0.98]
1133		0               1               [0.93]
1134		0               0               [0.96]
1135		0               0               [0.96]
1136		0               0               [0.94]
1137		0               0               [0.98]
1138		0               0               [0.98]
1139		0               0               [0.96]
1140		0               0               [0.81]
1141		0               0               [0.94]
1142		0               0               [0.98]
1143		0               0               [0.95]
1144		0               0               [0.97]
1145		0               0               [0.94]
1146		0               1               [0.92]
1147		0               0               [0.94]
1148		0               0               [0.97]
1149		0               0               [0.98]
1150		0               1               [0.93]
1151		0               0               [0.98]
1152		0               0               [0.95]
1153		0               0               [0.95]
1154		0               0               [0.94]
1155		0               0               [0.96]
1156		0               0               [0.98]
1157		0               0               [0.96]
1158		0               0               [0.96]
1159		0               0               [0.98]
1160		0               0               [0.96]
1161		0               0               [0.95]
1162		0               0               [0.96]
1163		0               0               [0.98]
1164		0               0               [0.98]
1165		0               0               [0.96]
1166		0               0               [0.93]
1167		0               1               [0.96]
1168		0               0               [0.98]
1169		0               1               [0.87]
1170		0               0               [0.96]
1171		0               0               [0.98]
1172		0               0               [0.70]
1173		0               0               [0.96]
1174		0               0               [0.95]
1175		0               0               [0.91]
1176		0               0               [0.96]
1177		0               1               [0.93]
1178		0               0               [0.83]
1179		0               0               [0.86]
1180		0               0               [0.98]
1181		0               0               [0.98]
1182		0               1               [1.00]
1183		0               0               [0.81]
1184		0               0               [0.84]
1185		0               1               [0.89]
1186		0               0               [0.95]
1187		0               0               [0.70]
1188		0               0               [0.91]
1189		0               0               [0.95]
1190		0               0               [0.98]
1191		0               0               [0.96]
1192		0               0               [0.93]
1193		0               0               [0.96]
1194		0               0               [0.94]
1195		0               0               [0.98]
1196		0               0               [0.94]
1197		0               0               [0.98]
1198		0               0               [0.94]
1199		0               0               [0.94]
1200		0               0               [0.76]
1201		0               1               [0.95]
1202		0               0               [0.94]
1203		0               0               [0.94]
1204		0               0               [0.91]
1205		0               1               [0.96]
1206		0               0               [0.95]
1207		0               1               [0.96]
1208		0               0               [0.91]
1209		0               1               [0.89]
1210		0               0               [0.91]
1211		0               1               [0.87]
1212		0               0               [0.93]
1213		0               0               [0.82]
1214		0               0               [0.96]
1215		0               0               [0.98]
1216		0               1               [0.97]
1217		0               0               [0.94]
1218		0               0               [0.98]
1219		0               1               [0.94]
1220		0               0               [0.95]
1221		0               0               [0.94]
1222		0               0               [0.94]
1223		0               1               [0.96]
1224		0               0               [0.96]
1225		0               0               [0.94]
1226		0               0               [0.81]
1227		0               0               [0.97]
1228		0               0               [0.98]
1229		0               1               [0.95]
1230		0               0               [0.98]
1231		0               0               [0.98]
1232		0               0               [0.94]
1233		0               0               [0.82]
1234		0               0               [0.98]
1235		0               1               [0.93]
1236		0               0               [0.91]
1237		0               0               [0.98]
1238		0               0               [0.81]
1239		0               0               [0.95]
1240		0               0               [0.96]
1241		0               0               [0.76]
1242		0               0               [0.98]
1243		0               0               [0.84]
1244		0               1               [0.95]
1245		0               1               [0.93]
1246		0               0               [0.98]
