Case		Given		Predicted
 No		Class		Class

   1		1               1               [0.99]
   2		1               1               [0.98]
   3		1               1               [0.86]
   4		1               1               [0.95]
   5		1               1               [0.86]
   6		1               1               [0.84]
   7		1               0               [0.90]
   8		1               1               [0.98]
   9		1               1               [0.90]
  10		1               0               [0.72]
  11		1               1               [0.98]
  12		1               1               [0.95]
  13		1               1               [0.90]
  14		1               0               [0.77]
  15		1               1               [0.98]
  16		1               0               [0.91]
  17		1               0               [0.98]
  18		1               1               [0.99]
  19		1               1               [0.89]
  20		1               1               [0.98]
  21		1               1               [0.95]
  22		1               0               [0.97]
  23		1               0               [0.90]
  24		1               0               [0.95]
  25		1               1               [0.90]
  26		1               1               [0.72]
  27		1               1               [0.98]
  28		1               0               [0.96]
  29		1               1               [0.99]
  30		1               1               [0.84]
  31		1               1               [0.98]
  32		1               1               [0.84]
  33		1               1               [0.72]
  34		1               1               [0.90]
  35		1               1               [0.98]
  36		1               1               [0.98]
  37		1               1               [0.95]
  38		1               1               [0.98]
  39		1               1               [0.97]
  40		1               0               [0.90]
  41		1               1               [0.98]
  42		1               1               [0.95]
  43		1               1               [0.97]
  44		1               1               [0.95]
  45		1               1               [0.97]
  46		1               1               [0.98]
  47		1               1               [0.98]
  48		1               1               [0.90]
  49		1               1               [0.72]
  50		1               1               [0.90]
  51		1               1               [0.95]
  52		1               1               [0.72]
  53		1               1               [0.68]
  54		1               1               [0.98]
  55		1               0               [0.96]
  56		1               0               [0.90]
  57		1               1               [0.99]
  58		1               0               [0.69]
  59		1               1               [0.98]
  60		1               1               [0.73]
  61		1               0               [0.98]
  62		1               0               [0.96]
  63		1               1               [0.72]
  64		1               0               [0.77]
  65		1               1               [0.99]
  66		1               0               [0.71]
  67		1               0               [0.83]
  68		1               1               [0.95]
  69		1               1               [0.94]
  70		1               0               [0.96]
  71		1               0               [0.90]
  72		1               0               [0.93]
  73		1               1               [0.99]
  74		1               0               [0.90]
  75		1               1               [0.84]
  76		1               1               [0.97]
  77		1               1               [0.98]
  78		1               1               [0.95]
  79		1               1               [0.98]
  80		1               1               [0.94]
  81		1               1               [0.97]
  82		1               0               [0.90]
  83		1               0               [0.86]
  84		1               1               [0.90]
  85		1               1               [0.84]
  86		1               1               [0.98]
  87		1               1               [0.98]
  88		1               0               [0.77]
  89		1               1               [0.98]
  90		1               1               [0.84]
  91		1               1               [0.84]
  92		1               0               [0.77]
  93		1               0               [0.77]
  94		1               1               [0.97]
  95		1               1               [0.97]
  96		1               1               [0.97]
  97		1               1               [0.90]
  98		1               1               [0.97]
  99		1               1               [0.87]
 100		1               1               [0.98]
 101		1               1               [0.94]
 102		1               1               [0.87]
 103		1               0               [0.99]
 104		1               1               [0.98]
 105		1               0               [0.99]
 106		1               1               [0.87]
 107		1               1               [0.98]
 108		1               0               [0.99]
 109		1               0               [0.69]
 110		1               1               [0.94]
 111		1               0               [0.93]
 112		1               0               [0.98]
 113		1               1               [0.94]
 114		1               1               [0.97]
 115		1               1               [0.68]
 116		1               1               [0.86]
 117		1               1               [0.87]
 118		1               1               [0.68]
 119		1               1               [0.94]
 120		1               0               [0.94]
 121		1               1               [0.97]
 122		1               1               [0.89]
 123		1               0               [0.96]
 124		1               1               [0.72]
 125		1               0               [0.82]
 126		1               1               [0.68]
 127		1               1               [0.94]
 128		1               1               [0.98]
 129		1               1               [0.98]
 130		1               0               [0.80]
 131		1               1               [0.97]
 132		1               1               [0.94]
 133		1               1               [0.94]
 134		1               1               [0.94]
 135		1               0               [0.98]
 136		1               0               [0.77]
 137		1               1               [0.97]
 138		1               1               [0.72]
 139		1               0               [0.96]
 140		1               1               [0.98]
 141		1               1               [0.98]
 142		1               1               [0.98]
 143		1               1               [0.90]
 144		1               1               [0.84]
 145		1               0               [0.93]
 146		1               0               [0.90]
 147		1               0               [0.97]
 148		1               1               [0.99]
 149		1               1               [0.69]
 150		1               1               [0.94]
 151		1               1               [0.56]
 152		1               0               [0.80]
 153		1               1               [0.84]
 154		1               1               [0.97]
 155		1               1               [0.97]
 156		1               0               [0.90]
 157		1               1               [0.98]
 158		1               1               [0.89]
 159		1               0               [0.98]
 160		1               0               [0.93]
 161		1               1               [0.90]
 162		1               1               [0.84]
 163		1               1               [0.99]
 164		1               1               [1.00]
 165		1               1               [0.98]
 166		1               0               [0.90]
 167		1               0               [0.76]
 168		1               1               [0.91]
 169		1               0               [0.99]
 170		1               0               [0.69]
 171		1               1               [0.68]
 172		1               1               [0.95]
 173		1               1               [0.72]
 174		1               1               [0.89]
 175		1               1               [0.69]
 176		1               1               [0.84]
 177		1               1               [0.82]
 178		1               1               [0.94]
 179		1               1               [0.97]
 180		1               1               [0.86]
 181		1               0               [0.96]
 182		1               1               [0.95]
 183		1               1               [0.68]
 184		1               1               [0.97]
 185		1               1               [0.95]
 186		1               1               [0.98]
 187		1               1               [0.84]
 188		1               1               [0.98]
 189		1               1               [1.00]
 190		1               0               [0.97]
 191		1               1               [0.95]
 192		1               1               [0.97]
 193		1               1               [0.97]
 194		1               0               [0.99]
 195		1               1               [0.94]
 196		1               1               [0.97]
 197		1               1               [0.99]
 198		1               1               [0.99]
 199		1               0               [0.99]
 200		1               1               [0.98]
 201		1               0               [0.86]
 202		1               0               [0.96]
 203		1               0               [0.69]
 204		1               1               [0.87]
 205		1               1               [0.97]
 206		1               1               [0.97]
 207		1               1               [0.94]
 208		1               1               [0.94]
 209		1               1               [0.56]
 210		1               1               [0.97]
 211		1               1               [0.86]
 212		1               0               [0.98]
 213		1               0               [0.94]
 214		1               1               [0.94]
 215		1               1               [0.84]
 216		1               0               [0.93]
 217		1               1               [0.94]
 218		1               0               [0.98]
 219		1               1               [0.99]
 220		1               1               [0.99]
 221		1               1               [0.94]
 222		1               1               [0.98]
 223		1               0               [0.90]
 224		1               1               [0.98]
 225		1               0               [0.90]
 226		1               1               [0.86]
 227		1               1               [0.98]
 228		1               0               [0.98]
 229		1               0               [0.77]
 230		1               1               [0.97]
 231		1               0               [0.96]
 232		1               1               [0.95]
 233		1               1               [0.99]
 234		1               1               [0.95]
 235		1               1               [0.98]
 236		1               1               [0.90]
 237		1               1               [0.97]
 238		1               0               [0.86]
 239		1               1               [0.95]
 240		1               0               [0.90]
 241		1               0               [0.98]
 242		1               1               [0.90]
 243		1               0               [0.90]
 244		1               1               [0.98]
 245		1               0               [0.97]
 246		1               0               [0.80]
 247		1               1               [0.99]
 248		1               0               [0.93]
 249		1               1               [0.98]
 250		1               0               [0.90]
 251		1               0               [0.90]
 252		1               1               [0.95]
 253		1               0               [0.90]
 254		1               1               [0.99]
 255		1               1               [0.99]
 256		1               1               [0.84]
 257		1               1               [0.94]
 258		1               0               [0.90]
 259		1               0               [0.93]
 260		1               1               [0.97]
 261		1               1               [0.97]
 262		1               1               [0.94]
 263		1               1               [0.94]
 264		1               1               [0.99]
 265		1               0               [0.69]
 266		1               0               [0.98]
 267		1               1               [0.97]
 268		1               0               [0.93]
 269		1               1               [0.95]
 270		1               0               [0.77]
 271		1               1               [0.95]
 272		1               1               [0.99]
 273		1               0               [0.97]
 274		1               1               [0.98]
 275		1               0               [0.98]
 276		1               0               [0.82]
 277		1               1               [0.98]
 278		1               1               [0.82]
 279		1               0               [0.98]
 280		1               1               [0.69]
 281		1               1               [0.99]
 282		1               1               [0.99]
 283		1               0               [0.90]
 284		1               1               [0.87]
 285		1               1               [0.90]
 286		1               1               [0.97]
 287		1               0               [0.94]
 288		1               0               [0.86]
 289		1               1               [0.94]
 290		1               1               [0.97]
 291		1               1               [0.98]
 292		1               1               [0.98]
 293		1               0               [0.90]
 294		1               0               [0.96]
 295		1               1               [0.97]
 296		1               1               [0.82]
 297		1               1               [0.90]
 298		1               0               [0.86]
 299		1               1               [0.98]
 300		1               0               [0.71]
 301		1               1               [0.98]
 302		1               0               [0.96]
 303		1               1               [0.97]
 304		1               1               [0.99]
 305		1               0               [0.77]
 306		1               1               [0.91]
 307		1               0               [0.90]
 308		1               1               [0.97]
 309		1               0               [0.69]
 310		1               0               [0.90]
 311		1               1               [0.97]
 312		1               1               [0.98]
 313		1               1               [0.89]
 314		1               1               [0.98]
 315		1               1               [1.00]
 316		1               1               [0.94]
 317		1               1               [0.97]
 318		1               1               [0.98]
 319		1               0               [0.86]
 320		1               0               [0.97]
 321		1               1               [0.99]
 322		1               1               [0.90]
 323		1               0               [0.99]
 324		1               0               [0.97]
 325		1               1               [0.99]
 326		1               0               [0.96]
 327		1               1               [0.97]
 328		1               0               [0.94]
 329		1               0               [0.93]
 330		1               1               [0.98]
 331		1               0               [0.89]
 332		1               1               [0.86]
 333		1               1               [0.98]
 334		1               1               [0.95]
 335		1               0               [0.83]
 336		1               1               [0.92]
 337		1               1               [0.97]
 338		1               1               [0.86]
 339		1               1               [0.99]
 340		1               1               [0.89]
 341		1               1               [0.95]
 342		1               1               [0.99]
 343		1               1               [0.56]
 344		1               1               [0.97]
 345		1               0               [0.80]
 346		1               1               [0.94]
 347		1               1               [0.98]
 348		1               0               [0.93]
 349		1               1               [0.99]
 350		1               0               [0.94]
 351		1               0               [0.99]
 352		1               1               [0.87]
 353		1               0               [0.69]
 354		1               0               [0.80]
 355		1               0               [0.80]
 356		0               1               [0.98]
 357		0               0               [0.88]
 358		0               0               [0.97]
 359		0               1               [0.84]
 360		0               0               [0.97]
 361		0               1               [0.86]
 362		0               0               [0.97]
 363		0               0               [0.97]
 364		0               0               [0.97]
 365		0               0               [0.77]
 366		0               0               [0.77]
 367		0               0               [0.97]
 368		0               0               [0.97]
 369		0               1               [0.98]
 370		0               0               [0.94]
 371		0               0               [0.94]
 372		0               0               [0.90]
 373		0               0               [0.89]
 374		0               0               [0.98]
 375		0               0               [0.97]
 376		0               0               [0.91]
 377		0               1               [0.95]
 378		0               1               [0.94]
 379		0               0               [0.77]
 380		0               0               [0.71]
 381		0               0               [0.97]
 382		0               1               [0.69]
 383		0               0               [0.77]
 384		0               0               [0.94]
 385		0               0               [0.95]
 386		0               0               [0.97]
 387		0               0               [0.92]
 388		0               0               [0.92]
 389		0               0               [0.97]
 390		0               0               [0.84]
 391		0               0               [0.93]
 392		0               0               [0.97]
 393		0               0               [0.99]
 394		0               0               [0.97]
 395		0               0               [0.95]
 396		0               0               [0.69]
 397		0               0               [0.77]
 398		0               0               [0.90]
 399		0               0               [0.99]
 400		0               0               [0.94]
 401		0               0               [0.97]
 402		0               0               [0.97]
 403		0               0               [0.94]
 404		0               0               [0.91]
 405		0               0               [0.97]
 406		0               0               [0.90]
 407		0               0               [0.99]
 408		0               1               [0.94]
 409		0               0               [0.96]
 410		0               1               [0.94]
 411		0               0               [0.97]
 412		0               0               [0.98]
 413		0               0               [0.98]
 414		0               0               [0.88]
 415		0               0               [0.99]
 416		0               0               [0.97]
 417		0               0               [0.93]
 418		0               0               [0.97]
 419		0               1               [0.98]
 420		0               0               [0.97]
 421		0               0               [0.80]
 422		0               0               [0.97]
 423		0               0               [0.93]
 424		0               0               [0.97]
 425		0               0               [0.89]
 426		0               1               [0.97]
 427		0               0               [0.93]
 428		0               1               [0.93]
 429		0               1               [0.93]
 430		0               1               [0.94]
 431		0               1               [0.98]
 432		0               0               [0.69]
 433		0               0               [0.77]
 434		0               0               [0.96]
 435		0               0               [0.69]
 436		0               0               [0.97]
 437		0               0               [0.69]
 438		0               0               [0.96]
 439		0               0               [0.99]
 440		0               0               [0.97]
 441		0               1               [0.98]
 442		0               1               [0.95]
 443		0               0               [0.96]
 444		0               1               [0.97]
 445		0               0               [0.99]
 446		0               0               [0.84]
 447		0               0               [0.93]
 448		0               0               [0.97]
 449		0               1               [0.94]
 450		0               0               [0.97]
 451		0               1               [0.97]
 452		0               0               [0.77]
 453		0               0               [0.99]
 454		0               0               [0.97]
 455		0               0               [0.77]
 456		0               0               [0.80]
 457		0               0               [0.99]
 458		0               0               [0.95]
 459		0               1               [0.98]
 460		0               0               [0.98]
 461		0               0               [0.99]
 462		0               0               [0.97]
 463		0               0               [0.76]
 464		0               0               [0.97]
 465		0               0               [0.90]
 466		0               0               [0.99]
 467		0               0               [0.97]
 468		0               0               [0.77]
 469		0               1               [0.94]
 470		0               0               [0.99]
 471		0               0               [0.95]
 472		0               0               [0.99]
 473		0               0               [0.95]
 474		0               1               [0.98]
 475		0               1               [0.97]
 476		0               0               [0.90]
 477		0               1               [0.95]
 478		0               0               [0.93]
 479		0               0               [0.97]
 480		0               1               [0.98]
 481		0               1               [0.97]
 482		0               0               [0.89]
 483		0               1               [0.92]
 484		0               0               [0.99]
 485		0               0               [0.97]
 486		0               0               [0.96]
 487		0               0               [0.90]
 488		0               1               [0.97]
 489		0               0               [0.97]
 490		0               0               [0.97]
 491		0               0               [0.69]
 492		0               0               [0.96]
 493		0               0               [0.95]
 494		0               1               [0.99]
 495		0               0               [0.76]
 496		0               0               [0.94]
 497		0               0               [0.97]
 498		0               0               [0.90]
 499		0               0               [0.96]
 500		0               0               [0.94]
 501		0               0               [0.97]
 502		0               1               [0.99]
 503		0               0               [0.90]
 504		0               0               [0.98]
 505		0               0               [0.93]
 506		0               0               [0.98]
 507		0               0               [0.98]
 508		0               1               [0.84]
 509		0               0               [0.97]
 510		0               1               [0.97]
 511		0               0               [0.96]
 512		0               0               [0.98]
 513		0               0               [0.96]
 514		0               0               [0.69]
 515		0               1               [0.98]
 516		0               0               [0.77]
 517		0               0               [0.97]
 518		0               0               [0.94]
 519		0               0               [0.77]
 520		0               0               [0.95]
 521		0               0               [0.96]
 522		0               0               [0.93]
 523		0               0               [0.84]
 524		0               0               [0.62]
 525		0               0               [0.93]
 526		0               0               [0.94]
 527		0               0               [0.99]
 528		0               0               [0.96]
 529		0               0               [0.94]
 530		0               0               [0.94]
 531		0               0               [0.97]
 532		0               0               [0.97]
 533		0               1               [0.98]
 534		0               0               [0.96]
 535		0               0               [0.96]
 536		0               0               [0.96]
 537		0               0               [0.98]
 538		0               0               [0.99]
 539		0               0               [0.69]
 540		0               1               [0.90]
 541		0               0               [0.94]
 542		0               1               [0.97]
 543		0               0               [0.98]
 544		0               0               [0.99]
 545		0               1               [0.97]
 546		0               0               [0.96]
 547		0               0               [0.95]
 548		0               0               [0.95]
 549		0               1               [0.95]
 550		0               0               [0.88]
 551		0               1               [0.95]
 552		0               0               [0.94]
 553		0               0               [0.90]
 554		0               0               [0.96]
 555		0               0               [0.96]
 556		0               0               [0.94]
 557		0               1               [0.97]
 558		0               0               [0.96]
 559		0               0               [0.80]
 560		0               0               [0.87]
 561		0               1               [0.97]
 562		0               1               [0.98]
 563		0               1               [0.96]
 564		0               0               [0.89]
 565		0               0               [0.93]
 566		0               1               [0.98]
 567		0               0               [0.89]
 568		0               0               [0.80]
 569		0               0               [0.99]
 570		0               0               [0.97]
 571		0               0               [0.77]
 572		0               0               [0.93]
 573		0               0               [0.90]
 574		0               0               [0.96]
 575		0               1               [0.95]
 576		0               0               [0.93]
 577		0               0               [0.97]
 578		0               0               [0.93]
 579		0               0               [0.98]
 580		0               0               [0.99]
 581		0               0               [0.99]
 582		0               0               [0.94]
 583		0               0               [0.90]
 584		0               0               [0.94]
 585		0               0               [0.99]
 586		0               0               [0.99]
 587		0               1               [0.97]
 588		0               0               [0.98]
 589		0               1               [0.94]
 590		0               0               [0.69]
 591		0               0               [0.94]
 592		0               0               [0.96]
 593		0               0               [0.97]
 594		0               0               [0.94]
 595		0               0               [0.90]
 596		0               1               [0.84]
 597		0               1               [0.68]
 598		0               1               [0.97]
 599		0               0               [0.86]
 600		0               0               [0.89]
 601		0               0               [0.95]
 602		0               1               [0.95]
 603		0               0               [0.96]
 604		0               0               [0.99]
 605		0               0               [0.91]
 606		0               0               [0.92]
 607		0               1               [0.94]
 608		0               1               [0.99]
 609		0               0               [0.93]
 610		0               0               [0.98]
 611		0               1               [0.98]
 612		0               0               [0.94]
 613		0               0               [0.80]
 614		0               0               [0.98]
 615		0               1               [0.99]
 616		0               1               [0.94]
 617		0               0               [0.84]
 618		0               1               [0.95]
 619		0               0               [0.93]
 620		0               0               [0.93]
 621		0               0               [0.96]
 622		0               1               [1.00]
 623		0               0               [0.89]
 624		0               0               [0.97]
 625		0               0               [0.96]
 626		0               0               [0.98]
 627		0               0               [0.90]
 628		0               0               [0.93]
 629		0               1               [0.94]
 630		0               0               [0.89]
 631		0               0               [0.94]
 632		0               0               [0.97]
 633		0               0               [0.93]
 634		0               0               [0.98]
 635		0               0               [0.89]
 636		0               1               [0.98]
 637		0               1               [0.86]
 638		0               0               [0.89]
 639		0               0               [0.96]
 640		0               0               [0.90]
 641		0               0               [0.96]
 642		0               0               [0.95]
 643		0               0               [0.94]
 644		0               0               [0.95]
 645		0               0               [0.94]
 646		0               0               [0.93]
 647		0               0               [0.69]
 648		0               1               [0.95]
 649		0               0               [0.97]
 650		0               1               [0.86]
 651		0               0               [0.93]
 652		0               1               [1.00]
 653		0               0               [0.98]
 654		0               1               [0.74]
 655		0               0               [0.88]
 656		0               0               [0.98]
 657		0               0               [0.93]
 658		0               0               [0.99]
 659		0               0               [0.96]
 660		0               1               [0.98]
 661		0               1               [0.98]
 662		0               0               [0.96]
 663		0               0               [0.96]
 664		0               1               [0.98]
 665		0               0               [0.69]
 666		0               0               [0.99]
 667		0               0               [0.99]
 668		0               0               [0.90]
 669		0               1               [0.56]
 670		0               0               [0.98]
 671		0               0               [0.90]
 672		0               1               [0.98]
 673		0               0               [0.90]
 674		0               0               [0.96]
 675		0               0               [0.94]
 676		0               1               [0.98]
 677		0               1               [0.98]
 678		0               0               [0.89]
 679		0               0               [0.99]
 680		0               0               [0.94]
 681		0               0               [0.98]
 682		0               0               [0.96]
 683		0               0               [0.94]
 684		0               0               [0.99]
 685		0               0               [0.96]
 686		0               0               [0.95]
 687		0               0               [0.95]
 688		0               0               [0.93]
 689		0               0               [0.99]
 690		0               0               [0.96]
 691		0               0               [0.95]
 692		0               0               [0.95]
 693		0               0               [0.93]
 694		0               0               [0.93]
 695		0               1               [0.97]
 696		0               0               [0.99]
 697		0               0               [0.99]
 698		0               0               [0.89]
 699		0               1               [0.72]
 700		0               0               [0.82]
 701		0               0               [0.93]
 702		0               0               [0.94]
 703		0               0               [0.96]
 704		0               1               [0.95]
 705		0               1               [0.94]
 706		0               0               [0.69]
 707		0               1               [0.94]
 708		0               1               [0.98]
 709		0               1               [0.94]
 710		0               0               [0.99]
 711		0               0               [0.96]
 712		0               0               [0.99]
 713		0               0               [0.94]
 714		0               0               [0.98]
 715		0               0               [0.99]
 716		0               0               [0.94]
 717		0               0               [0.99]
 718		0               0               [0.94]
 719		0               0               [0.93]
 720		0               0               [0.96]
 721		0               0               [0.99]
 722		0               0               [0.99]
 723		0               0               [0.93]
 724		0               0               [0.93]
 725		0               1               [0.56]
 726		0               0               [0.90]
 727		0               1               [0.97]
 728		0               0               [0.90]
 729		0               0               [0.90]
 730		0               0               [0.99]
 731		0               1               [0.93]
 732		0               0               [0.97]
 733		0               0               [0.99]
 734		0               0               [0.96]
 735		0               0               [0.89]
 736		0               0               [0.94]
 737		0               0               [0.93]
 738		0               0               [0.96]
 739		0               0               [0.99]
 740		0               0               [0.96]
 741		0               0               [0.69]
 742		0               0               [0.96]
 743		0               0               [0.96]
 744		0               1               [0.95]
 745		0               1               [0.95]
 746		0               1               [0.93]
 747		0               0               [0.69]
 748		0               1               [0.93]
 749		0               0               [0.99]
 750		0               0               [0.80]
 751		0               0               [0.95]
 752		0               1               [0.86]
 753		0               0               [0.90]
 754		0               0               [0.94]
 755		0               0               [0.97]
 756		0               1               [0.99]
 757		0               0               [0.96]
 758		0               0               [0.95]
 759		0               0               [0.77]
 760		0               0               [0.99]
 761		0               1               [0.69]
 762		0               0               [0.96]
 763		0               0               [0.90]
 764		0               0               [0.96]
 765		0               0               [0.96]
 766		0               0               [0.95]
 767		0               0               [0.99]
 768		0               0               [0.99]
 769		0               0               [0.90]
 770		0               0               [0.62]
 771		0               0               [0.97]
 772		0               0               [0.93]
 773		0               0               [0.97]
 774		0               1               [0.94]
 775		0               0               [0.99]
 776		0               0               [0.99]
 777		0               0               [0.95]
 778		0               0               [0.95]
 779		0               0               [0.90]
 780		0               1               [0.94]
 781		0               0               [0.96]
 782		0               0               [0.90]
 783		0               0               [0.99]
 784		0               0               [0.94]
 785		0               0               [0.95]
 786		0               0               [0.99]
 787		0               0               [0.97]
 788		0               0               [0.94]
 789		0               0               [0.80]
 790		0               0               [0.96]
 791		0               0               [0.95]
 792		0               0               [0.97]
 793		0               0               [0.99]
 794		0               0               [0.99]
 795		0               0               [0.99]
 796		0               0               [0.99]
 797		0               0               [0.93]
 798		0               0               [0.95]
 799		0               0               [0.62]
 800		0               0               [0.95]
 801		0               0               [0.99]
 802		0               0               [0.96]
 803		0               0               [0.99]
 804		0               0               [0.77]
 805		0               0               [0.96]
 806		0               0               [0.96]
 807		0               0               [0.93]
 808		0               0               [0.96]
 809		0               0               [0.93]
 810		0               1               [0.99]
 811		0               0               [0.99]
 812		0               1               [0.72]
 813		0               0               [0.69]
 814		0               0               [0.93]
 815		0               0               [0.94]
 816		0               0               [0.96]
 817		0               0               [0.99]
 818		0               0               [0.90]
 819		0               0               [0.99]
 820		0               0               [0.96]
 821		0               0               [0.93]
 822		0               0               [0.95]
 823		0               0               [0.93]
 824		0               0               [0.99]
 825		0               0               [0.99]
 826		0               0               [0.96]
 827		0               0               [0.94]
 828		0               1               [0.89]
 829		0               0               [0.62]
 830		0               1               [0.84]
 831		0               0               [0.98]
 832		0               0               [0.94]
 833		0               1               [0.90]
 834		0               1               [0.95]
 835		0               0               [0.94]
 836		0               1               [0.86]
 837		0               0               [0.98]
 838		0               0               [0.99]
 839		0               0               [0.99]
 840		0               0               [0.62]
 841		0               0               [0.97]
 842		0               0               [0.93]
 843		0               1               [0.95]
 844		0               0               [0.99]
 845		0               0               [0.94]
 846		0               0               [0.89]
 847		0               0               [0.90]
 848		0               0               [0.96]
 849		0               0               [0.96]
 850		0               1               [0.87]
 851		0               0               [0.86]
 852		0               1               [0.69]
 853		0               1               [0.95]
 854		0               0               [0.95]
 855		0               0               [0.95]
 856		0               0               [0.71]
 857		0               0               [0.94]
 858		0               0               [0.95]
 859		0               0               [0.96]
 860		0               0               [0.93]
 861		0               1               [1.00]
 862		0               0               [0.99]
 863		0               0               [0.97]
 864		0               0               [0.96]
 865		0               0               [0.86]
 866		0               0               [0.69]
 867		0               1               [0.68]
 868		0               0               [0.96]
 869		0               0               [0.97]
 870		0               0               [0.99]
 871		0               0               [0.96]
 872		0               0               [0.99]
 873		0               0               [0.94]
 874		0               0               [0.97]
 875		0               0               [0.98]
 876		0               0               [0.77]
 877		0               0               [0.96]
 878		0               0               [0.99]
 879		0               0               [0.99]
 880		0               1               [0.94]
 881		0               0               [0.99]
 882		0               0               [0.90]
 883		0               0               [0.95]
 884		0               0               [0.93]
 885		0               0               [0.93]
 886		0               0               [0.89]
 887		0               0               [0.97]
 888		0               0               [0.99]
 889		0               0               [0.97]
 890		0               1               [0.93]
 891		0               0               [0.96]
 892		0               1               [0.95]
 893		0               0               [0.90]
 894		0               0               [0.97]
 895		0               1               [0.89]
 896		0               1               [0.97]
 897		0               0               [0.96]
 898		0               1               [0.84]
 899		0               0               [0.96]
 900		0               0               [0.93]
 901		0               0               [0.99]
 902		0               0               [0.99]
 903		0               0               [0.99]
 904		0               0               [0.93]
 905		0               0               [0.96]
 906		0               0               [0.95]
 907		0               0               [0.96]
 908		0               0               [0.99]
 909		0               0               [0.99]
 910		0               0               [0.96]
 911		0               1               [0.97]
 912		0               0               [0.96]
 913		0               1               [0.97]
 914		0               0               [0.95]
 915		0               0               [0.96]
 916		0               0               [0.94]
 917		0               0               [0.95]
 918		0               1               [0.72]
 919		0               0               [0.99]
 920		0               0               [0.96]
 921		0               0               [0.96]
 922		0               0               [0.95]
 923		0               0               [0.99]
 924		0               0               [0.90]
 925		0               0               [0.97]
 926		0               0               [0.93]
 927		0               0               [0.96]
 928		0               0               [0.96]
 929		0               0               [0.97]
 930		0               0               [0.99]
 931		0               0               [0.94]
 932		0               0               [0.69]
 933		0               0               [0.96]
 934		0               0               [0.96]
 935		0               0               [0.93]
 936		0               1               [0.95]
 937		0               0               [0.99]
 938		0               0               [0.99]
 939		0               0               [0.99]
 940		0               0               [0.93]
 941		0               1               [0.95]
 942		0               0               [0.94]
 943		0               0               [0.98]
 944		0               0               [0.99]
 945		0               0               [0.90]
 946		0               0               [0.96]
 947		0               0               [0.97]
 948		0               0               [0.99]
 949		0               0               [0.69]
 950		0               1               [0.56]
 951		0               1               [0.97]
 952		0               0               [0.98]
 953		0               0               [0.95]
 954		0               1               [0.90]
 955		0               0               [0.99]
 956		0               0               [0.93]
 957		0               0               [0.94]
 958		0               0               [0.86]
 959		0               0               [0.99]
 960		0               1               [0.56]
 961		0               0               [0.95]
 962		0               1               [0.93]
 963		0               1               [0.84]
 964		0               0               [0.96]
 965		0               0               [0.93]
 966		0               0               [0.77]
 967		0               0               [0.97]
 968		0               0               [0.94]
 969		0               0               [0.97]
 970		0               0               [0.99]
 971		0               0               [0.69]
 972		0               1               [0.93]
 973		0               0               [0.95]
 974		0               0               [0.99]
 975		0               0               [0.94]
 976		0               0               [0.96]
 977		0               0               [0.96]
 978		0               0               [0.94]
 979		0               0               [0.90]
 980		0               0               [0.99]
 981		0               0               [0.99]
 982		0               0               [0.96]
 983		0               1               [0.97]
 984		0               0               [0.96]
 985		0               1               [0.94]
 986		0               0               [0.97]
 987		0               0               [0.90]
 988		0               0               [0.96]
 989		0               0               [0.99]
 990		0               1               [0.97]
 991		0               0               [0.69]
 992		0               1               [0.91]
 993		0               1               [0.91]
 994		0               0               [0.94]
 995		0               0               [0.99]
 996		0               0               [0.99]
 997		0               0               [0.99]
 998		0               0               [0.99]
 999		0               0               [0.89]
1000		0               0               [0.96]
1001		0               0               [0.80]
1002		0               0               [0.69]
1003		0               0               [0.97]
1004		0               0               [0.90]
1005		0               1               [0.95]
1006		0               0               [0.90]
1007		0               0               [0.94]
1008		0               0               [0.94]
1009		0               0               [0.93]
1010		0               0               [0.96]
1011		0               0               [0.96]
1012		0               1               [0.97]
1013		0               0               [0.96]
1014		0               0               [0.90]
1015		0               0               [0.77]
1016		0               0               [0.95]
1017		0               0               [0.99]
1018		0               0               [0.99]
1019		0               0               [0.98]
1020		0               0               [0.99]
1021		0               0               [0.99]
1022		0               0               [0.99]
1023		0               0               [0.93]
1024		0               0               [0.99]
1025		0               0               [0.96]
1026		0               0               [0.93]
1027		0               0               [0.96]
1028		0               1               [0.97]
1029		0               1               [0.91]
1030		0               0               [0.90]
1031		0               0               [0.98]
1032		0               0               [0.89]
1033		0               0               [0.94]
1034		0               0               [0.96]
1035		0               1               [0.56]
1036		0               0               [0.94]
1037		0               0               [0.99]
1038		0               0               [0.99]
1039		0               0               [0.93]
1040		0               0               [0.99]
1041		0               0               [0.95]
1042		0               0               [0.96]
1043		0               0               [0.99]
1044		0               1               [0.98]
1045		0               0               [0.99]
1046		0               0               [0.99]
1047		0               0               [0.96]
1048		0               0               [0.96]
1049		0               0               [0.99]
1050		0               1               [0.86]
1051		0               0               [0.99]
1052		0               0               [0.99]
1053		0               0               [0.96]
1054		0               1               [0.95]
1055		0               0               [0.99]
1056		0               1               [0.97]
1057		0               0               [0.94]
1058		0               0               [0.99]
1059		0               1               [0.74]
1060		0               0               [0.95]
1061		0               0               [0.99]
1062		0               1               [0.94]
1063		0               0               [0.94]
1064		0               1               [0.93]
1065		0               0               [0.88]
1066		0               0               [0.96]
1067		0               0               [0.94]
1068		0               1               [0.74]
1069		0               0               [0.96]
1070		0               1               [0.95]
1071		0               0               [0.98]
1072		0               0               [0.90]
1073		0               1               [0.86]
1074		0               0               [0.99]
1075		0               0               [0.99]
1076		0               1               [0.94]
1077		0               1               [0.99]
1078		0               0               [0.94]
1079		0               0               [0.90]
1080		0               0               [0.99]
1081		0               1               [0.97]
1082		0               0               [0.96]
1083		0               0               [0.94]
1084		0               0               [0.96]
1085		0               0               [0.99]
1086		0               0               [0.94]
1087		0               1               [0.56]
1088		0               0               [0.90]
1089		0               1               [0.90]
1090		0               0               [0.99]
1091		0               0               [0.97]
1092		0               0               [0.90]
1093		0               1               [0.97]
1094		0               0               [0.99]
1095		0               0               [0.99]
1096		0               0               [0.90]
1097		0               1               [0.98]
1098		0               0               [0.77]
1099		0               0               [0.96]
1100		0               0               [0.80]
1101		0               0               [0.99]
1102		0               0               [0.69]
1103		0               0               [0.90]
1104		0               1               [0.98]
1105		0               0               [0.96]
1106		0               0               [0.62]
1107		0               1               [0.97]
1108		0               0               [0.95]
1109		0               0               [0.99]
1110		0               0               [0.96]
1111		0               0               [0.90]
1112		0               1               [0.98]
1113		0               0               [0.96]
1114		0               0               [0.94]
1115		0               0               [0.97]
1116		0               0               [0.94]
1117		0               0               [0.95]
1118		0               0               [0.99]
1119		0               0               [0.97]
1120		0               0               [0.94]
1121		0               0               [0.84]
1122		0               1               [0.97]
1123		0               0               [0.99]
1124		0               1               [0.97]
1125		0               0               [0.96]
1126		0               0               [0.97]
1127		0               0               [0.99]
1128		0               0               [0.99]
1129		0               0               [0.69]
1130		0               1               [0.99]
1131		0               1               [0.84]
1132		0               0               [0.99]
1133		0               0               [0.80]
1134		0               0               [0.96]
1135		0               1               [0.97]
1136		0               0               [0.96]
1137		0               0               [0.99]
1138		0               0               [0.99]
1139		0               0               [0.90]
1140		0               0               [0.94]
1141		0               0               [0.96]
1142		0               0               [0.99]
1143		0               0               [0.90]
1144		0               0               [0.96]
1145		0               0               [0.96]
1146		0               0               [0.94]
1147		0               0               [0.96]
1148		0               0               [0.99]
1149		0               0               [0.99]
1150		0               0               [0.93]
1151		0               0               [0.99]
1152		0               0               [0.96]
1153		0               0               [0.76]
1154		0               0               [0.87]
1155		0               0               [0.94]
1156		0               0               [0.96]
1157		0               0               [0.94]
1158		0               0               [0.95]
1159		0               0               [0.99]
1160		0               0               [0.97]
1161		0               0               [0.90]
1162		0               0               [0.93]
1163		0               0               [0.99]
1164		0               0               [0.99]
1165		0               0               [0.93]
1166		0               0               [0.96]
1167		0               0               [0.93]
1168		0               0               [0.99]
1169		0               1               [0.90]
1170		0               0               [0.93]
1171		0               0               [0.99]
1172		0               0               [0.93]
1173		0               0               [0.96]
1174		0               0               [0.97]
1175		0               0               [0.97]
1176		0               0               [0.96]
1177		0               0               [0.95]
1178		0               0               [0.80]
1179		0               0               [0.94]
1180		0               0               [0.99]
1181		0               0               [0.99]
1182		0               1               [1.00]
1183		0               0               [0.90]
1184		0               0               [0.95]
1185		0               0               [0.94]
1186		0               0               [0.96]
1187		0               0               [0.93]
1188		0               0               [0.96]
1189		0               0               [0.93]
1190		0               0               [0.99]
1191		0               1               [0.72]
1192		0               0               [0.96]
1193		0               0               [0.90]
1194		0               0               [0.94]
1195		0               0               [0.99]
1196		0               0               [0.96]
1197		0               0               [0.99]
1198		0               0               [0.96]
1199		0               0               [0.93]
1200		0               1               [0.98]
1201		0               0               [0.80]
1202		0               0               [0.95]
1203		0               0               [0.93]
1204		0               0               [0.77]
1205		0               0               [0.96]
1206		0               0               [0.94]
1207		0               0               [0.90]
1208		0               0               [0.98]
1209		0               0               [0.99]
1210		0               1               [0.56]
1211		0               1               [0.98]
1212		0               0               [0.96]
1213		0               1               [0.97]
1214		0               0               [0.94]
1215		0               0               [0.99]
1216		0               1               [0.97]
1217		0               0               [0.96]
1218		0               0               [0.99]
1219		0               1               [0.84]
1220		0               0               [0.80]
1221		0               0               [0.93]
1222		0               1               [0.94]
1223		0               0               [0.80]
1224		0               0               [0.96]
1225		0               0               [0.95]
1226		0               0               [0.96]
1227		0               0               [0.96]
1228		0               0               [0.99]
1229		0               0               [0.94]
1230		0               0               [0.99]
1231		0               0               [0.99]
1232		0               0               [0.87]
1233		0               0               [0.71]
1234		0               0               [0.99]
1235		0               0               [0.94]
1236		0               0               [0.94]
1237		0               0               [0.99]
1238		0               1               [0.94]
1239		0               0               [0.99]
1240		0               0               [0.90]
1241		0               0               [0.90]
1242		0               0               [0.96]
1243		0               0               [0.94]
1244		0               0               [0.96]
1245		0               0               [0.94]
1246		0               0               [0.99]
