Case		Given		Predicted
 No		Class		Class

   1		1               1               [0.97]
   2		1               1               [0.96]
   3		1               1               [0.97]
   4		1               1               [0.95]
   5		1               1               [0.97]
   6		1               0               [0.93]
   7		1               0               [0.93]
   8		1               1               [0.97]
   9		1               1               [0.95]
  10		1               1               [0.97]
  11		1               1               [0.96]
  12		1               1               [0.96]
  13		1               1               [0.96]
  14		1               1               [0.96]
  15		1               1               [0.98]
  16		1               0               [0.97]
  17		1               1               [0.95]
  18		1               1               [0.95]
  19		1               1               [0.88]
  20		1               1               [0.97]
  21		1               1               [0.77]
  22		1               0               [0.88]
  23		1               1               [0.94]
  24		1               0               [0.98]
  25		1               1               [0.96]
  26		1               1               [0.97]
  27		1               1               [0.97]
  28		1               0               [0.98]
  29		1               1               [0.98]
  30		1               0               [0.88]
  31		1               1               [0.97]
  32		1               1               [0.97]
  33		1               1               [0.97]
  34		1               1               [0.94]
  35		1               1               [0.97]
  36		1               0               [0.95]
  37		1               1               [0.96]
  38		1               1               [0.97]
  39		1               1               [0.96]
  40		1               1               [0.97]
  41		1               1               [0.95]
  42		1               1               [0.99]
  43		1               0               [0.98]
  44		1               0               [0.97]
  45		1               1               [0.90]
  46		1               1               [0.99]
  47		1               1               [0.93]
  48		1               1               [0.95]
  49		1               1               [0.97]
  50		1               1               [0.94]
  51		1               1               [0.96]
  52		1               1               [0.97]
  53		1               1               [0.96]
  54		1               1               [0.97]
  55		1               0               [0.88]
  56		1               1               [0.99]
  57		1               1               [0.95]
  58		1               1               [0.98]
  59		1               1               [0.99]
  60		1               1               [0.97]
  61		1               0               [0.92]
  62		1               1               [0.94]
  63		1               0               [0.88]
  64		1               1               [0.97]
  65		1               1               [0.95]
  66		1               1               [0.95]
  67		1               0               [0.93]
  68		1               0               [0.96]
  69		1               1               [0.91]
  70		1               1               [0.95]
  71		1               1               [0.96]
  72		1               1               [0.96]
  73		1               1               [0.95]
  74		1               1               [0.97]
  75		1               1               [0.98]
  76		1               1               [0.97]
  77		1               1               [0.97]
  78		1               0               [0.92]
  79		1               1               [0.98]
  80		1               1               [0.97]
  81		1               0               [0.93]
  82		1               1               [0.89]
  83		1               1               [0.98]
  84		1               0               [0.86]
  85		1               0               [0.92]
  86		1               1               [0.95]
  87		1               1               [0.95]
  88		1               1               [0.96]
  89		1               1               [0.97]
  90		1               1               [0.96]
  91		1               1               [0.96]
  92		1               1               [0.96]
  93		1               1               [0.97]
  94		1               1               [0.97]
  95		1               0               [0.97]
  96		1               1               [0.94]
  97		1               1               [0.94]
  98		1               1               [0.98]
  99		1               1               [0.95]
 100		1               1               [0.97]
 101		1               1               [0.98]
 102		1               1               [0.98]
 103		1               1               [0.98]
 104		1               0               [0.88]
 105		1               0               [0.93]
 106		1               1               [0.97]
 107		1               0               [0.99]
 108		1               1               [0.98]
 109		1               1               [0.90]
 110		1               1               [0.90]
 111		1               1               [0.99]
 112		1               1               [0.97]
 113		1               1               [0.96]
 114		1               1               [0.98]
 115		1               1               [0.97]
 116		1               0               [0.98]
 117		1               1               [0.85]
 118		1               1               [0.97]
 119		1               1               [0.98]
 120		1               0               [0.99]
 121		1               1               [0.97]
 122		1               1               [0.92]
 123		1               0               [0.99]
 124		1               1               [0.98]
 125		1               0               [0.93]
 126		1               1               [0.97]
 127		1               1               [0.97]
 128		1               1               [0.97]
 129		1               0               [0.99]
 130		1               1               [0.98]
 131		1               1               [0.97]
 132		1               0               [0.93]
 133		1               1               [0.97]
 134		1               1               [0.90]
 135		1               1               [0.84]
 136		1               1               [0.96]
 137		1               1               [0.98]
 138		1               1               [0.94]
 139		1               1               [0.96]
 140		1               1               [0.95]
 141		1               1               [0.99]
 142		1               1               [0.90]
 143		1               0               [0.95]
 144		1               1               [0.92]
 145		1               0               [0.99]
 146		1               1               [0.99]
 147		1               0               [0.93]
 148		1               1               [0.95]
 149		1               0               [0.95]
 150		1               1               [0.98]
 151		1               1               [0.97]
 152		1               0               [0.93]
 153		1               1               [0.96]
 154		1               1               [0.96]
 155		1               1               [0.96]
 156		1               0               [0.99]
 157		1               0               [0.99]
 158		1               1               [0.98]
 159		1               0               [0.92]
 160		1               0               [0.96]
 161		1               0               [0.98]
 162		1               1               [0.96]
 163		1               1               [0.98]
 164		1               1               [0.97]
 165		1               0               [0.93]
 166		1               1               [0.95]
 167		1               0               [0.99]
 168		1               1               [0.90]
 169		1               0               [0.98]
 170		1               1               [0.95]
 171		1               1               [0.98]
 172		1               1               [0.98]
 173		1               0               [0.92]
 174		1               1               [0.95]
 175		1               1               [0.84]
 176		1               1               [0.98]
 177		1               1               [0.95]
 178		1               0               [0.93]
 179		1               1               [0.97]
 180		1               1               [0.95]
 181		1               0               [0.95]
 182		1               1               [0.96]
 183		1               1               [0.97]
 184		1               0               [0.86]
 185		1               0               [1.00]
 186		1               1               [0.99]
 187		1               1               [0.96]
 188		1               1               [0.99]
 189		1               1               [0.98]
 190		1               1               [0.85]
 191		1               1               [0.98]
 192		1               1               [0.92]
 193		1               1               [0.97]
 194		1               0               [0.92]
 195		1               0               [0.95]
 196		1               1               [0.94]
 197		1               1               [0.97]
 198		1               0               [0.99]
 199		1               0               [0.99]
 200		1               0               [0.99]
 201		1               1               [0.97]
 202		1               1               [0.95]
 203		1               1               [0.94]
 204		1               1               [0.97]
 205		1               0               [0.98]
 206		1               0               [0.94]
 207		1               0               [0.95]
 208		1               1               [0.97]
 209		1               1               [0.94]
 210		1               1               [0.98]
 211		1               1               [0.94]
 212		1               1               [0.98]
 213		1               0               [0.95]
 214		1               1               [0.90]
 215		1               1               [0.96]
 216		1               1               [0.97]
 217		1               0               [0.95]
 218		1               1               [0.98]
 219		1               1               [0.95]
 220		1               1               [0.95]
 221		1               1               [0.97]
 222		1               1               [0.97]
 223		1               1               [0.98]
 224		1               1               [0.97]
 225		1               0               [0.93]
 226		1               1               [0.98]
 227		1               0               [0.91]
 228		1               1               [0.96]
 229		1               1               [0.73]
 230		1               1               [0.97]
 231		1               0               [0.98]
 232		1               1               [0.99]
 233		1               1               [0.95]
 234		1               1               [0.77]
 235		1               1               [0.77]
 236		1               1               [0.99]
 237		1               1               [0.95]
 238		1               0               [0.99]
 239		1               1               [0.99]
 240		1               1               [0.95]
 241		1               1               [0.96]
 242		1               0               [0.92]
 243		1               1               [0.97]
 244		1               1               [0.96]
 245		1               0               [0.88]
 246		1               1               [0.98]
 247		1               1               [0.98]
 248		1               0               [0.99]
 249		1               1               [0.85]
 250		1               1               [0.95]
 251		1               1               [0.94]
 252		1               0               [0.96]
 253		1               1               [0.95]
 254		1               1               [0.95]
 255		1               0               [0.93]
 256		1               1               [0.96]
 257		1               1               [0.98]
 258		1               0               [0.88]
 259		1               1               [0.98]
 260		1               1               [0.90]
 261		1               1               [0.96]
 262		1               0               [0.95]
 263		1               0               [0.99]
 264		1               0               [0.93]
 265		1               1               [0.95]
 266		1               1               [0.98]
 267		1               1               [0.94]
 268		1               1               [0.97]
 269		1               0               [0.95]
 270		1               1               [0.98]
 271		1               0               [0.98]
 272		1               1               [0.95]
 273		1               0               [0.97]
 274		1               1               [0.98]
 275		1               0               [0.93]
 276		1               1               [0.98]
 277		1               1               [0.96]
 278		1               1               [0.97]
 279		1               1               [0.96]
 280		1               0               [0.98]
 281		1               1               [0.94]
 282		1               1               [0.95]
 283		1               1               [0.72]
 284		1               1               [0.98]
 285		1               1               [0.98]
 286		1               1               [0.96]
 287		1               1               [0.85]
 288		1               1               [0.97]
 289		1               1               [0.96]
 290		1               1               [0.98]
 291		1               0               [0.98]
 292		1               0               [0.95]
 293		1               1               [0.96]
 294		1               0               [0.98]
 295		1               0               [0.86]
 296		1               1               [0.88]
 297		1               1               [0.98]
 298		1               0               [0.95]
 299		1               1               [0.77]
 300		1               1               [0.98]
 301		1               1               [0.99]
 302		1               0               [1.00]
 303		1               1               [0.96]
 304		1               1               [0.95]
 305		1               1               [0.97]
 306		1               1               [0.96]
 307		1               1               [0.98]
 308		1               1               [0.94]
 309		1               1               [0.96]
 310		1               1               [0.98]
 311		1               1               [0.98]
 312		1               1               [0.98]
 313		1               1               [0.97]
 314		1               1               [0.95]
 315		1               1               [0.98]
 316		1               1               [0.97]
 317		1               1               [0.90]
 318		1               1               [0.97]
 319		1               1               [0.97]
 320		1               0               [0.99]
 321		1               1               [0.95]
 322		1               1               [0.98]
 323		1               1               [0.95]
 324		1               0               [0.99]
 325		1               0               [0.88]
 326		1               1               [0.85]
 327		1               1               [0.92]
 328		1               1               [0.88]
 329		1               0               [0.99]
 330		1               0               [0.95]
 331		1               1               [0.98]
 332		1               0               [0.95]
 333		1               1               [0.96]
 334		1               0               [0.95]
 335		1               1               [0.98]
 336		1               1               [0.98]
 337		1               1               [0.92]
 338		1               0               [0.88]
 339		1               1               [0.97]
 340		1               1               [0.97]
 341		1               1               [0.98]
 342		1               1               [0.95]
 343		1               0               [0.99]
 344		1               1               [0.96]
 345		1               1               [0.91]
 346		1               1               [0.99]
 347		1               1               [0.98]
 348		1               1               [0.95]
 349		1               1               [0.98]
 350		1               1               [0.98]
 351		1               1               [0.88]
 352		1               0               [0.98]
 353		1               1               [0.88]
 354		1               0               [0.99]
 355		1               1               [0.97]
 356		0               0               [0.97]
 357		0               0               [0.93]
 358		0               0               [0.99]
 359		0               0               [0.98]
 360		0               0               [0.92]
 361		0               0               [0.97]
 362		0               0               [0.99]
 363		0               0               [0.99]
 364		0               0               [0.99]
 365		0               0               [0.99]
 366		0               0               [0.98]
 367		0               0               [0.98]
 368		0               0               [0.98]
 369		0               0               [0.99]
 370		0               0               [0.99]
 371		0               0               [0.99]
 372		0               0               [0.92]
 373		0               0               [0.99]
 374		0               1               [0.85]
 375		0               1               [0.94]
 376		0               0               [0.99]
 377		0               0               [0.98]
 378		0               0               [0.99]
 379		0               0               [0.99]
 380		0               0               [0.94]
 381		0               0               [0.99]
 382		0               0               [0.98]
 383		0               0               [0.98]
 384		0               0               [0.93]
 385		0               0               [0.95]
 386		0               0               [0.98]
 387		0               1               [0.96]
 388		0               0               [0.97]
 389		0               0               [0.99]
 390		0               0               [0.94]
 391		0               0               [0.99]
 392		0               1               [0.98]
 393		0               0               [0.99]
 394		0               1               [0.73]
 395		0               0               [0.98]
 396		0               0               [0.99]
 397		0               1               [0.73]
 398		0               0               [0.97]
 399		0               0               [0.99]
 400		0               0               [0.99]
 401		0               1               [0.97]
 402		0               0               [0.98]
 403		0               0               [1.00]
 404		0               0               [0.99]
 405		0               0               [0.99]
 406		0               0               [0.99]
 407		0               0               [1.00]
 408		0               1               [0.99]
 409		0               0               [1.00]
 410		0               0               [0.99]
 411		0               0               [0.99]
 412		0               0               [0.92]
 413		0               0               [0.99]
 414		0               0               [0.98]
 415		0               0               [0.91]
 416		0               0               [0.93]
 417		0               0               [0.99]
 418		0               0               [0.99]
 419		0               0               [0.88]
 420		0               0               [0.98]
 421		0               0               [0.92]
 422		0               0               [0.98]
 423		0               0               [0.99]
 424		0               0               [0.97]
 425		0               0               [0.99]
 426		0               0               [1.00]
 427		0               0               [0.99]
 428		0               0               [0.96]
 429		0               0               [0.99]
 430		0               0               [0.98]
 431		0               0               [0.99]
 432		0               0               [0.98]
 433		0               0               [0.99]
 434		0               0               [1.00]
 435		0               0               [0.99]
 436		0               0               [0.88]
 437		0               1               [0.98]
 438		0               0               [1.00]
 439		0               0               [0.98]
 440		0               0               [0.99]
 441		0               0               [0.99]
 442		0               0               [1.00]
 443		0               0               [1.00]
 444		0               0               [0.99]
 445		0               0               [1.00]
 446		0               1               [0.90]
 447		0               0               [0.99]
 448		0               0               [0.99]
 449		0               0               [0.88]
 450		0               0               [0.99]
 451		0               1               [0.94]
 452		0               0               [0.98]
 453		0               0               [0.93]
 454		0               0               [0.99]
 455		0               0               [0.99]
 456		0               1               [0.98]
 457		0               0               [1.00]
 458		0               0               [0.98]
 459		0               0               [0.88]
 460		0               0               [0.99]
 461		0               0               [1.00]
 462		0               0               [0.99]
 463		0               0               [0.97]
 464		0               0               [0.99]
 465		0               1               [0.97]
 466		0               0               [0.99]
 467		0               0               [0.97]
 468		0               0               [0.99]
 469		0               0               [0.97]
 470		0               0               [0.93]
 471		0               0               [0.95]
 472		0               0               [0.99]
 473		0               0               [0.98]
 474		0               0               [0.99]
 475		0               0               [0.99]
 476		0               0               [0.99]
 477		0               1               [0.98]
 478		0               0               [1.00]
 479		0               0               [0.98]
 480		0               1               [0.90]
 481		0               0               [0.91]
 482		0               0               [0.88]
 483		0               0               [0.77]
 484		0               0               [1.00]
 485		0               0               [0.99]
 486		0               1               [0.98]
 487		0               0               [0.98]
 488		0               0               [0.98]
 489		0               0               [0.99]
 490		0               0               [0.88]
 491		0               0               [0.99]
 492		0               0               [1.00]
 493		0               0               [0.95]
 494		0               0               [0.94]
 495		0               1               [0.95]
 496		0               1               [0.85]
 497		0               1               [0.99]
 498		0               0               [0.95]
 499		0               0               [0.95]
 500		0               0               [0.96]
 501		0               0               [1.00]
 502		0               0               [0.94]
 503		0               0               [0.99]
 504		0               0               [0.99]
 505		0               0               [0.98]
 506		0               0               [1.00]
 507		0               0               [0.99]
 508		0               0               [0.88]
 509		0               0               [0.98]
 510		0               0               [1.00]
 511		0               0               [1.00]
 512		0               0               [0.99]
 513		0               0               [0.95]
 514		0               0               [0.96]
 515		0               0               [0.99]
 516		0               0               [0.99]
 517		0               0               [0.92]
 518		0               1               [0.98]
 519		0               0               [0.99]
 520		0               0               [0.94]
 521		0               0               [0.92]
 522		0               0               [0.88]
 523		0               1               [0.73]
 524		0               0               [0.99]
 525		0               0               [1.00]
 526		0               0               [0.99]
 527		0               0               [0.91]
 528		0               0               [0.98]
 529		0               0               [0.99]
 530		0               1               [0.90]
 531		0               1               [0.90]
 532		0               1               [0.90]
 533		0               0               [0.69]
 534		0               0               [0.98]
 535		0               0               [1.00]
 536		0               0               [0.98]
 537		0               0               [0.99]
 538		0               1               [0.98]
 539		0               1               [0.90]
 540		0               1               [0.98]
 541		0               0               [0.98]
 542		0               0               [0.98]
 543		0               0               [0.92]
 544		0               1               [0.98]
 545		0               0               [1.00]
 546		0               0               [0.98]
 547		0               0               [0.95]
 548		0               0               [0.98]
 549		0               0               [0.98]
 550		0               1               [0.94]
 551		0               0               [0.99]
 552		0               0               [1.00]
 553		0               0               [0.93]
 554		0               0               [1.00]
 555		0               0               [1.00]
 556		0               0               [0.98]
 557		0               1               [0.88]
 558		0               0               [0.93]
 559		0               0               [0.99]
 560		0               0               [0.93]
 561		0               0               [0.87]
 562		0               0               [0.98]
 563		0               1               [0.94]
 564		0               0               [0.98]
 565		0               0               [1.00]
 566		0               0               [0.99]
 567		0               0               [0.99]
 568		0               1               [0.94]
 569		0               0               [1.00]
 570		0               0               [0.98]
 571		0               1               [0.94]
 572		0               0               [0.97]
 573		0               0               [0.77]
 574		0               0               [1.00]
 575		0               0               [0.99]
 576		0               1               [0.90]
 577		0               0               [0.99]
 578		0               0               [0.99]
 579		0               0               [0.93]
 580		0               0               [1.00]
 581		0               0               [0.99]
 582		0               0               [0.98]
 583		0               0               [1.00]
 584		0               1               [0.95]
 585		0               0               [0.98]
 586		0               0               [0.99]
 587		0               0               [0.98]
 588		0               0               [0.98]
 589		0               1               [0.98]
 590		0               0               [0.98]
 591		0               0               [1.00]
 592		0               0               [1.00]
 593		0               0               [0.93]
 594		0               1               [0.88]
 595		0               0               [0.96]
 596		0               1               [0.96]
 597		0               0               [1.00]
 598		0               1               [0.98]
 599		0               0               [0.94]
 600		0               0               [0.92]
 601		0               0               [0.98]
 602		0               0               [1.00]
 603		0               0               [0.98]
 604		0               0               [0.91]
 605		0               0               [1.00]
 606		0               0               [0.92]
 607		0               0               [0.99]
 608		0               0               [0.98]
 609		0               0               [0.99]
 610		0               0               [0.98]
 611		0               0               [1.00]
 612		0               0               [0.96]
 613		0               0               [0.99]
 614		0               0               [1.00]
 615		0               1               [0.95]
 616		0               1               [0.72]
 617		0               0               [0.92]
 618		0               1               [0.95]
 619		0               0               [0.99]
 620		0               0               [0.99]
 621		0               1               [0.96]
 622		0               0               [0.99]
 623		0               1               [0.95]
 624		0               0               [1.00]
 625		0               0               [0.98]
 626		0               1               [0.95]
 627		0               0               [0.99]
 628		0               0               [0.99]
 629		0               0               [1.00]
 630		0               0               [0.99]
 631		0               0               [1.00]
 632		0               1               [0.97]
 633		0               1               [0.97]
 634		0               0               [0.97]
 635		0               0               [0.88]
 636		0               0               [0.93]
 637		0               0               [0.99]
 638		0               0               [0.99]
 639		0               0               [0.86]
 640		0               1               [0.94]
 641		0               0               [1.00]
 642		0               0               [0.96]
 643		0               0               [0.93]
 644		0               0               [0.99]
 645		0               0               [0.93]
 646		0               0               [1.00]
 647		0               0               [0.99]
 648		0               0               [0.99]
 649		0               0               [1.00]
 650		0               1               [0.95]
 651		0               1               [0.97]
 652		0               0               [0.98]
 653		0               1               [0.95]
 654		0               1               [0.94]
 655		0               0               [0.99]
 656		0               0               [0.99]
 657		0               0               [1.00]
 658		0               0               [1.00]
 659		0               0               [1.00]
 660		0               1               [0.98]
 661		0               0               [0.99]
 662		0               0               [1.00]
 663		0               0               [1.00]
 664		0               0               [0.99]
 665		0               0               [0.99]
 666		0               0               [1.00]
 667		0               0               [1.00]
 668		0               0               [0.97]
 669		0               1               [0.90]
 670		0               0               [0.99]
 671		0               0               [0.99]
 672		0               1               [0.98]
 673		0               1               [0.90]
 674		0               0               [0.99]
 675		0               0               [0.99]
 676		0               1               [0.90]
 677		0               0               [0.97]
 678		0               0               [0.99]
 679		0               0               [1.00]
 680		0               0               [1.00]
 681		0               0               [0.94]
 682		0               0               [1.00]
 683		0               1               [0.85]
 684		0               0               [1.00]
 685		0               0               [1.00]
 686		0               0               [1.00]
 687		0               0               [0.99]
 688		0               0               [1.00]
 689		0               0               [1.00]
 690		0               0               [0.98]
 691		0               0               [1.00]
 692		0               0               [0.92]
 693		0               0               [0.99]
 694		0               0               [0.99]
 695		0               1               [0.98]
 696		0               0               [1.00]
 697		0               0               [1.00]
 698		0               0               [0.99]
 699		0               1               [0.94]
 700		0               1               [0.97]
 701		0               0               [0.99]
 702		0               0               [0.99]
 703		0               0               [0.98]
 704		0               1               [0.98]
 705		0               0               [0.93]
 706		0               0               [0.99]
 707		0               0               [0.91]
 708		0               0               [0.98]
 709		0               0               [0.99]
 710		0               0               [1.00]
 711		0               0               [1.00]
 712		0               0               [0.99]
 713		0               1               [0.91]
 714		0               0               [0.98]
 715		0               0               [0.98]
 716		0               0               [0.99]
 717		0               0               [0.99]
 718		0               0               [0.99]
 719		0               0               [0.99]
 720		0               1               [0.88]
 721		0               0               [1.00]
 722		0               0               [1.00]
 723		0               0               [1.00]
 724		0               0               [0.99]
 725		0               0               [1.00]
 726		0               0               [0.88]
 727		0               1               [0.88]
 728		0               0               [0.98]
 729		0               0               [0.95]
 730		0               0               [1.00]
 731		0               1               [0.88]
 732		0               0               [0.99]
 733		0               0               [1.00]
 734		0               0               [1.00]
 735		0               1               [0.98]
 736		0               0               [0.99]
 737		0               0               [1.00]
 738		0               0               [1.00]
 739		0               0               [0.97]
 740		0               0               [1.00]
 741		0               0               [0.99]
 742		0               0               [1.00]
 743		0               0               [1.00]
 744		0               0               [1.00]
 745		0               0               [1.00]
 746		0               1               [0.85]
 747		0               0               [0.99]
 748		0               0               [1.00]
 749		0               0               [1.00]
 750		0               0               [0.98]
 751		0               0               [1.00]
 752		0               1               [0.95]
 753		0               0               [1.00]
 754		0               0               [0.99]
 755		0               0               [0.98]
 756		0               0               [0.94]
 757		0               0               [1.00]
 758		0               0               [0.94]
 759		0               0               [0.69]
 760		0               0               [1.00]
 761		0               0               [0.98]
 762		0               0               [0.97]
 763		0               0               [0.93]
 764		0               0               [1.00]
 765		0               0               [0.98]
 766		0               0               [1.00]
 767		0               0               [0.99]
 768		0               0               [1.00]
 769		0               0               [0.98]
 770		0               0               [0.94]
 771		0               0               [0.93]
 772		0               0               [1.00]
 773		0               1               [0.88]
 774		0               0               [0.99]
 775		0               0               [1.00]
 776		0               0               [1.00]
 777		0               0               [1.00]
 778		0               0               [1.00]
 779		0               1               [0.96]
 780		0               1               [0.95]
 781		0               0               [1.00]
 782		0               1               [0.88]
 783		0               0               [0.98]
 784		0               0               [0.92]
 785		0               0               [1.00]
 786		0               0               [1.00]
 787		0               0               [0.99]
 788		0               0               [0.94]
 789		0               0               [0.98]
 790		0               0               [1.00]
 791		0               0               [1.00]
 792		0               0               [0.99]
 793		0               0               [1.00]
 794		0               0               [1.00]
 795		0               0               [1.00]
 796		0               0               [1.00]
 797		0               0               [0.99]
 798		0               0               [1.00]
 799		0               0               [1.00]
 800		0               0               [1.00]
 801		0               0               [0.99]
 802		0               0               [0.98]
 803		0               0               [1.00]
 804		0               0               [0.99]
 805		0               0               [1.00]
 806		0               0               [1.00]
 807		0               0               [0.94]
 808		0               0               [1.00]
 809		0               0               [0.99]
 810		0               0               [1.00]
 811		0               0               [1.00]
 812		0               1               [0.95]
 813		0               0               [0.99]
 814		0               0               [1.00]
 815		0               1               [0.96]
 816		0               1               [0.95]
 817		0               0               [1.00]
 818		0               1               [0.98]
 819		0               0               [1.00]
 820		0               0               [0.91]
 821		0               0               [0.99]
 822		0               0               [1.00]
 823		0               0               [1.00]
 824		0               0               [1.00]
 825		0               0               [1.00]
 826		0               0               [1.00]
 827		0               0               [0.99]
 828		0               0               [0.99]
 829		0               0               [1.00]
 830		0               1               [0.98]
 831		0               0               [0.99]
 832		0               0               [0.99]
 833		0               0               [1.00]
 834		0               0               [0.98]
 835		0               0               [1.00]
 836		0               0               [1.00]
 837		0               0               [0.93]
 838		0               0               [1.00]
 839		0               0               [1.00]
 840		0               0               [1.00]
 841		0               0               [1.00]
 842		0               1               [0.97]
 843		0               0               [0.94]
 844		0               0               [0.97]
 845		0               1               [0.85]
 846		0               0               [0.94]
 847		0               0               [1.00]
 848		0               0               [0.98]
 849		0               0               [1.00]
 850		0               0               [0.94]
 851		0               0               [0.93]
 852		0               1               [0.84]
 853		0               0               [1.00]
 854		0               0               [1.00]
 855		0               0               [1.00]
 856		0               1               [0.97]
 857		0               0               [0.95]
 858		0               0               [1.00]
 859		0               0               [0.98]
 860		0               0               [0.99]
 861		0               0               [1.00]
 862		0               0               [1.00]
 863		0               0               [1.00]
 864		0               0               [1.00]
 865		0               0               [1.00]
 866		0               0               [0.99]
 867		0               0               [0.87]
 868		0               0               [1.00]
 869		0               0               [0.98]
 870		0               0               [1.00]
 871		0               0               [0.98]
 872		0               0               [1.00]
 873		0               0               [1.00]
 874		0               0               [1.00]
 875		0               0               [1.00]
 876		0               1               [0.97]
 877		0               1               [0.94]
 878		0               0               [1.00]
 879		0               0               [0.98]
 880		0               0               [0.98]
 881		0               0               [0.99]
 882		0               0               [0.99]
 883		0               1               [0.97]
 884		0               0               [0.99]
 885		0               0               [0.93]
 886		0               1               [0.98]
 887		0               0               [0.98]
 888		0               0               [1.00]
 889		0               0               [0.99]
 890		0               0               [0.96]
 891		0               0               [1.00]
 892		0               0               [0.91]
 893		0               0               [0.96]
 894		0               1               [0.88]
 895		0               0               [0.88]
 896		0               0               [1.00]
 897		0               0               [0.98]
 898		0               0               [0.95]
 899		0               0               [1.00]
 900		0               1               [0.90]
 901		0               0               [1.00]
 902		0               0               [1.00]
 903		0               0               [1.00]
 904		0               0               [1.00]
 905		0               0               [1.00]
 906		0               0               [1.00]
 907		0               0               [1.00]
 908		0               0               [0.97]
 909		0               0               [1.00]
 910		0               0               [0.98]
 911		0               0               [1.00]
 912		0               0               [1.00]
 913		0               0               [0.99]
 914		0               0               [1.00]
 915		0               0               [0.98]
 916		0               0               [0.96]
 917		0               0               [1.00]
 918		0               0               [0.98]
 919		0               0               [0.97]
 920		0               0               [0.93]
 921		0               0               [1.00]
 922		0               1               [0.90]
 923		0               0               [1.00]
 924		0               0               [0.99]
 925		0               0               [1.00]
 926		0               0               [0.99]
 927		0               0               [1.00]
 928		0               0               [1.00]
 929		0               0               [0.99]
 930		0               0               [1.00]
 931		0               0               [0.99]
 932		0               0               [0.99]
 933		0               0               [0.99]
 934		0               0               [0.97]
 935		0               0               [0.99]
 936		0               0               [1.00]
 937		0               0               [1.00]
 938		0               0               [1.00]
 939		0               0               [1.00]
 940		0               0               [0.94]
 941		0               0               [1.00]
 942		0               0               [0.99]
 943		0               0               [0.98]
 944		0               0               [1.00]
 945		0               0               [1.00]
 946		0               0               [1.00]
 947		0               0               [0.94]
 948		0               0               [1.00]
 949		0               1               [0.88]
 950		0               1               [0.90]
 951		0               0               [0.95]
 952		0               0               [0.99]
 953		0               0               [1.00]
 954		0               0               [0.92]
 955		0               0               [1.00]
 956		0               0               [0.99]
 957		0               0               [0.88]
 958		0               1               [0.90]
 959		0               0               [0.98]
 960		0               0               [0.98]
 961		0               0               [1.00]
 962		0               0               [0.98]
 963		0               1               [0.95]
 964		0               0               [1.00]
 965		0               0               [0.92]
 966		0               0               [0.93]
 967		0               0               [0.99]
 968		0               1               [0.95]
 969		0               0               [0.99]
 970		0               0               [1.00]
 971		0               0               [0.92]
 972		0               0               [0.99]
 973		0               0               [1.00]
 974		0               0               [1.00]
 975		0               0               [0.95]
 976		0               0               [1.00]
 977		0               0               [0.93]
 978		0               0               [0.96]
 979		0               0               [0.99]
 980		0               0               [1.00]
 981		0               0               [1.00]
 982		0               0               [1.00]
 983		0               0               [1.00]
 984		0               0               [1.00]
 985		0               0               [0.98]
 986		0               0               [1.00]
 987		0               1               [0.95]
 988		0               0               [1.00]
 989		0               0               [1.00]
 990		0               1               [0.87]
 991		0               0               [0.99]
 992		0               1               [0.90]
 993		0               0               [1.00]
 994		0               1               [0.94]
 995		0               0               [1.00]
 996		0               0               [1.00]
 997		0               0               [1.00]
 998		0               1               [0.97]
 999		0               1               [0.85]
1000		0               0               [1.00]
1001		0               0               [0.97]
1002		0               0               [0.99]
1003		0               0               [0.96]
1004		0               0               [1.00]
1005		0               0               [1.00]
1006		0               0               [1.00]
1007		0               0               [1.00]
1008		0               0               [0.92]
1009		0               0               [0.93]
1010		0               0               [1.00]
1011		0               0               [1.00]
1012		0               0               [1.00]
1013		0               0               [1.00]
1014		0               0               [1.00]
1015		0               0               [0.92]
1016		0               0               [1.00]
1017		0               0               [1.00]
1018		0               0               [1.00]
1019		0               0               [0.95]
1020		0               0               [1.00]
1021		0               0               [1.00]
1022		0               0               [1.00]
1023		0               1               [0.97]
1024		0               1               [0.98]
1025		0               0               [1.00]
1026		0               0               [1.00]
1027		0               0               [0.98]
1028		0               1               [0.96]
1029		0               0               [0.96]
1030		0               0               [1.00]
1031		0               0               [0.98]
1032		0               0               [0.99]
1033		0               0               [0.96]
1034		0               0               [1.00]
1035		0               0               [1.00]
1036		0               0               [0.95]
1037		0               0               [1.00]
1038		0               0               [1.00]
1039		0               0               [1.00]
1040		0               0               [1.00]
1041		0               0               [1.00]
1042		0               0               [1.00]
1043		0               0               [1.00]
1044		0               0               [0.99]
1045		0               0               [1.00]
1046		0               0               [1.00]
1047		0               0               [0.99]
1048		0               0               [1.00]
1049		0               0               [1.00]
1050		0               0               [0.98]
1051		0               0               [1.00]
1052		0               0               [1.00]
1053		0               0               [1.00]
1054		0               0               [1.00]
1055		0               0               [1.00]
1056		0               0               [0.99]
1057		0               1               [0.98]
1058		0               0               [1.00]
1059		0               1               [0.95]
1060		0               0               [0.92]
1061		0               1               [0.90]
1062		0               0               [1.00]
1063		0               0               [0.99]
1064		0               0               [0.99]
1065		0               0               [1.00]
1066		0               0               [0.97]
1067		0               0               [0.99]
1068		0               0               [0.99]
1069		0               0               [1.00]
1070		0               0               [0.97]
1071		0               0               [0.94]
1072		0               0               [0.96]
1073		0               0               [0.94]
1074		0               0               [1.00]
1075		0               0               [1.00]
1076		0               1               [0.94]
1077		0               0               [0.92]
1078		0               0               [0.99]
1079		0               0               [0.93]
1080		0               0               [1.00]
1081		0               0               [0.95]
1082		0               0               [1.00]
1083		0               0               [1.00]
1084		0               0               [1.00]
1085		0               0               [1.00]
1086		0               0               [0.99]
1087		0               0               [0.98]
1088		0               0               [0.99]
1089		0               0               [0.98]
1090		0               0               [1.00]
1091		0               0               [1.00]
1092		0               0               [0.99]
1093		0               1               [0.90]
1094		0               0               [1.00]
1095		0               0               [1.00]
1096		0               0               [1.00]
1097		0               0               [0.92]
1098		0               0               [1.00]
1099		0               0               [1.00]
1100		0               0               [1.00]
1101		0               0               [1.00]
1102		0               1               [0.98]
1103		0               0               [0.93]
1104		0               0               [1.00]
1105		0               0               [1.00]
1106		0               0               [1.00]
1107		0               0               [0.97]
1108		0               0               [0.92]
1109		0               0               [1.00]
1110		0               0               [1.00]
1111		0               0               [1.00]
1112		0               0               [0.97]
1113		0               0               [1.00]
1114		0               1               [0.88]
1115		0               0               [0.99]
1116		0               0               [0.99]
1117		0               0               [0.95]
1118		0               0               [1.00]
1119		0               0               [0.97]
1120		0               1               [0.97]
1121		0               1               [0.97]
1122		0               0               [0.99]
1123		0               0               [1.00]
1124		0               0               [1.00]
1125		0               0               [1.00]
1126		0               0               [0.99]
1127		0               0               [1.00]
1128		0               0               [1.00]
1129		0               0               [0.99]
1130		0               1               [0.95]
1131		0               0               [0.93]
1132		0               0               [1.00]
1133		0               0               [0.99]
1134		0               0               [1.00]
1135		0               1               [0.97]
1136		0               0               [0.98]
1137		0               0               [1.00]
1138		0               0               [1.00]
1139		0               0               [1.00]
1140		0               0               [0.95]
1141		0               0               [0.97]
1142		0               0               [1.00]
1143		0               0               [0.99]
1144		0               0               [1.00]
1145		0               0               [1.00]
1146		0               0               [1.00]
1147		0               0               [1.00]
1148		0               0               [1.00]
1149		0               0               [1.00]
1150		0               0               [0.99]
1151		0               0               [1.00]
1152		0               0               [0.98]
1153		0               0               [0.93]
1154		0               0               [1.00]
1155		0               0               [1.00]
1156		0               0               [1.00]
1157		0               0               [0.99]
1158		0               0               [0.99]
1159		0               0               [0.98]
1160		0               0               [1.00]
1161		0               1               [0.98]
1162		0               0               [0.92]
1163		0               0               [1.00]
1164		0               0               [1.00]
1165		0               0               [1.00]
1166		0               0               [1.00]
1167		0               1               [0.94]
1168		0               0               [1.00]
1169		0               1               [0.97]
1170		0               0               [1.00]
1171		0               0               [0.98]
1172		0               0               [0.91]
1173		0               0               [1.00]
1174		0               0               [0.99]
1175		0               0               [0.88]
1176		0               0               [1.00]
1177		0               0               [1.00]
1178		0               1               [0.97]
1179		0               0               [0.98]
1180		0               0               [1.00]
1181		0               0               [1.00]
1182		0               0               [1.00]
1183		0               0               [0.99]
1184		0               0               [1.00]
1185		0               0               [0.99]
1186		0               0               [0.93]
1187		0               0               [0.99]
1188		0               0               [0.98]
1189		0               0               [0.91]
1190		0               0               [1.00]
1191		0               0               [1.00]
1192		0               0               [1.00]
1193		0               0               [0.98]
1194		0               0               [0.99]
1195		0               0               [1.00]
1196		0               0               [1.00]
1197		0               0               [1.00]
1198		0               0               [0.93]
1199		0               0               [0.95]
1200		0               0               [1.00]
1201		0               1               [0.97]
1202		0               0               [1.00]
1203		0               1               [0.85]
1204		0               0               [0.98]
1205		0               0               [0.97]
1206		0               0               [0.99]
1207		0               0               [0.88]
1208		0               1               [0.98]
1209		0               0               [0.98]
1210		0               0               [0.88]
1211		0               0               [0.93]
1212		0               0               [1.00]
1213		0               0               [1.00]
1214		0               0               [1.00]
1215		0               0               [1.00]
1216		0               1               [0.94]
1217		0               0               [1.00]
1218		0               0               [1.00]
1219		0               1               [0.92]
1220		0               0               [0.99]
1221		0               0               [0.98]
1222		0               0               [0.91]
1223		0               0               [0.99]
1224		0               0               [1.00]
1225		0               0               [0.97]
1226		0               0               [0.97]
1227		0               0               [0.98]
1228		0               0               [1.00]
1229		0               0               [0.99]
1230		0               0               [1.00]
1231		0               0               [0.97]
1232		0               0               [0.98]
1233		0               0               [0.98]
1234		0               0               [1.00]
1235		0               0               [0.96]
1236		0               0               [1.00]
1237		0               0               [1.00]
1238		0               0               [0.88]
1239		0               0               [0.99]
1240		0               0               [0.93]
1241		0               0               [0.98]
1242		0               0               [0.93]
1243		0               1               [0.96]
1244		0               1               [0.95]
1245		0               1               [0.88]
1246		0               0               [1.00]
