Case		Given		Predicted
 No		Class		Class

   1		1               1               [0.98]
   2		1               1               [0.97]
   3		1               1               [0.92]
   4		1               1               [0.93]
   5		1               1               [0.95]
   6		1               0               [0.92]
   7		1               1               [0.90]
   8		1               1               [0.92]
   9		1               1               [0.90]
  10		1               1               [0.92]
  11		1               1               [0.90]
  12		1               1               [0.92]
  13		1               1               [0.96]
  14		1               0               [0.94]
  15		1               1               [0.90]
  16		1               0               [0.96]
  17		1               1               [0.99]
  18		1               1               [0.93]
  19		1               0               [0.97]
  20		1               1               [0.92]
  21		1               0               [0.94]
  22		1               1               [0.98]
  23		1               0               [0.94]
  24		1               1               [0.97]
  25		1               1               [0.96]
  26		1               1               [0.92]
  27		1               1               [0.92]
  28		1               0               [0.97]
  29		1               1               [0.96]
  30		1               1               [0.92]
  31		1               1               [0.92]
  32		1               0               [0.96]
  33		1               1               [0.92]
  34		1               0               [0.96]
  35		1               1               [0.92]
  36		1               1               [0.92]
  37		1               1               [0.92]
  38		1               1               [0.92]
  39		1               1               [0.93]
  40		1               1               [0.98]
  41		1               1               [0.93]
  42		1               0               [0.68]
  43		1               1               [0.95]
  44		1               1               [0.99]
  45		1               0               [0.93]
  46		1               1               [0.93]
  47		1               1               [0.97]
  48		1               1               [0.90]
  49		1               1               [0.92]
  50		1               0               [0.97]
  51		1               1               [0.92]
  52		1               1               [0.92]
  53		1               0               [0.92]
  54		1               1               [0.92]
  55		1               1               [0.92]
  56		1               0               [0.78]
  57		1               1               [0.97]
  58		1               1               [0.98]
  59		1               0               [0.78]
  60		1               0               [0.91]
  61		1               1               [0.98]
  62		1               0               [0.93]
  63		1               1               [0.92]
  64		1               1               [0.95]
  65		1               1               [0.95]
  66		1               1               [0.95]
  67		1               1               [0.92]
  68		1               0               [0.93]
  69		1               1               [0.97]
  70		1               1               [0.92]
  71		1               0               [0.86]
  72		1               0               [0.97]
  73		1               1               [0.93]
  74		1               0               [0.72]
  75		1               1               [0.90]
  76		1               1               [0.99]
  77		1               1               [0.92]
  78		1               1               [1.00]
  79		1               0               [0.66]
  80		1               0               [0.90]
  81		1               1               [0.93]
  82		1               1               [0.98]
  83		1               1               [0.92]
  84		1               1               [0.99]
  85		1               1               [0.98]
  86		1               0               [0.91]
  87		1               1               [0.89]
  88		1               1               [0.92]
  89		1               0               [0.91]
  90		1               1               [0.90]
  91		1               0               [0.86]
  92		1               1               [0.84]
  93		1               1               [0.92]
  94		1               0               [0.95]
  95		1               0               [0.85]
  96		1               1               [0.89]
  97		1               1               [0.98]
  98		1               0               [0.90]
  99		1               0               [0.92]
 100		1               1               [0.92]
 101		1               1               [1.00]
 102		1               1               [0.93]
 103		1               0               [0.92]
 104		1               1               [0.98]
 105		1               0               [0.93]
 106		1               1               [0.93]
 107		1               0               [0.83]
 108		1               1               [0.99]
 109		1               0               [0.91]
 110		1               1               [0.95]
 111		1               1               [0.98]
 112		1               1               [0.98]
 113		1               1               [0.96]
 114		1               1               [0.89]
 115		1               1               [0.92]
 116		1               1               [0.89]
 117		1               1               [0.92]
 118		1               1               [0.92]
 119		1               1               [0.95]
 120		1               0               [0.93]
 121		1               1               [0.93]
 122		1               1               [0.68]
 123		1               1               [0.90]
 124		1               1               [0.89]
 125		1               0               [0.95]
 126		1               1               [0.92]
 127		1               0               [0.83]
 128		1               1               [0.92]
 129		1               0               [0.91]
 130		1               1               [0.98]
 131		1               0               [0.87]
 132		1               0               [0.91]
 133		1               1               [0.99]
 134		1               0               [0.93]
 135		1               1               [0.90]
 136		1               1               [0.96]
 137		1               0               [0.92]
 138		1               1               [0.89]
 139		1               1               [0.93]
 140		1               1               [0.97]
 141		1               1               [0.98]
 142		1               0               [0.68]
 143		1               0               [0.97]
 144		1               0               [0.95]
 145		1               1               [0.97]
 146		1               1               [0.93]
 147		1               0               [0.93]
 148		1               1               [0.93]
 149		1               0               [0.94]
 150		1               0               [0.97]
 151		1               0               [0.90]
 152		1               1               [0.99]
 153		1               1               [0.96]
 154		1               0               [0.88]
 155		1               1               [0.96]
 156		1               0               [0.93]
 157		1               1               [0.99]
 158		1               1               [0.99]
 159		1               1               [0.95]
 160		1               0               [0.91]
 161		1               1               [0.84]
 162		1               1               [0.96]
 163		1               0               [0.68]
 164		1               1               [0.95]
 165		1               0               [0.95]
 166		1               0               [0.86]
 167		1               0               [0.93]
 168		1               1               [0.88]
 169		1               0               [0.93]
 170		1               1               [0.98]
 171		1               1               [0.90]
 172		1               0               [0.98]
 173		1               1               [0.89]
 174		1               0               [0.97]
 175		1               1               [0.97]
 176		1               1               [0.90]
 177		1               1               [0.98]
 178		1               1               [0.68]
 179		1               1               [0.97]
 180		1               1               [0.97]
 181		1               1               [0.68]
 182		1               1               [0.95]
 183		1               0               [0.92]
 184		1               0               [0.73]
 185		1               0               [0.86]
 186		1               0               [0.78]
 187		1               1               [0.90]
 188		1               0               [0.78]
 189		1               1               [0.84]
 190		1               0               [0.92]
 191		1               1               [1.00]
 192		1               0               [0.93]
 193		1               0               [0.95]
 194		1               1               [0.95]
 195		1               1               [0.84]
 196		1               1               [0.90]
 197		1               1               [0.92]
 198		1               1               [0.93]
 199		1               1               [0.93]
 200		1               0               [0.91]
 201		1               0               [0.95]
 202		1               1               [0.95]
 203		1               1               [0.89]
 204		1               0               [0.66]
 205		1               1               [0.93]
 206		1               1               [0.93]
 207		1               1               [0.98]
 208		1               0               [0.62]
 209		1               0               [0.90]
 210		1               1               [0.98]
 211		1               0               [0.80]
 212		1               0               [0.92]
 213		1               1               [0.90]
 214		1               1               [0.93]
 215		1               1               [0.98]
 216		1               1               [0.99]
 217		1               1               [0.97]
 218		1               0               [0.97]
 219		1               1               [0.93]
 220		1               1               [0.93]
 221		1               1               [0.84]
 222		1               1               [0.95]
 223		1               1               [0.97]
 224		1               1               [0.92]
 225		1               1               [0.92]
 226		1               0               [0.95]
 227		1               0               [0.93]
 228		1               1               [0.99]
 229		1               0               [0.95]
 230		1               1               [0.99]
 231		1               0               [0.92]
 232		1               0               [0.94]
 233		1               1               [0.93]
 234		1               0               [0.85]
 235		1               1               [0.93]
 236		1               1               [0.93]
 237		1               0               [0.93]
 238		1               1               [0.93]
 239		1               1               [0.93]
 240		1               1               [0.93]
 241		1               1               [0.98]
 242		1               1               [0.90]
 243		1               0               [0.62]
 244		1               1               [0.97]
 245		1               0               [0.93]
 246		1               0               [0.95]
 247		1               1               [0.93]
 248		1               0               [0.94]
 249		1               1               [0.99]
 250		1               1               [0.93]
 251		1               1               [0.93]
 252		1               1               [0.95]
 253		1               1               [0.93]
 254		1               1               [0.93]
 255		1               1               [0.94]
 256		1               1               [0.90]
 257		1               0               [0.94]
 258		1               1               [0.96]
 259		1               1               [0.93]
 260		1               1               [0.84]
 261		1               1               [0.89]
 262		1               1               [0.98]
 263		1               1               [0.84]
 264		1               1               [0.98]
 265		1               1               [0.90]
 266		1               1               [0.84]
 267		1               0               [0.90]
 268		1               1               [0.93]
 269		1               1               [0.95]
 270		1               1               [0.97]
 271		1               1               [0.93]
 272		1               0               [0.86]
 273		1               0               [0.94]
 274		1               1               [0.99]
 275		1               1               [0.98]
 276		1               1               [0.90]
 277		1               0               [0.93]
 278		1               1               [0.93]
 279		1               1               [0.99]
 280		1               0               [0.92]
 281		1               1               [0.93]
 282		1               1               [0.95]
 283		1               1               [0.93]
 284		1               1               [0.98]
 285		1               1               [0.96]
 286		1               0               [0.95]
 287		1               1               [0.93]
 288		1               1               [0.92]
 289		1               1               [0.92]
 290		1               1               [0.95]
 291		1               0               [0.92]
 292		1               1               [0.93]
 293		1               0               [0.92]
 294		1               0               [0.92]
 295		1               1               [0.98]
 296		1               1               [0.93]
 297		1               1               [0.96]
 298		1               1               [0.93]
 299		1               1               [0.99]
 300		1               0               [0.94]
 301		1               1               [0.98]
 302		1               1               [0.93]
 303		1               1               [0.90]
 304		1               1               [0.93]
 305		1               0               [0.91]
 306		1               1               [0.93]
 307		1               0               [0.94]
 308		1               1               [0.89]
 309		1               0               [0.62]
 310		1               1               [0.93]
 311		1               1               [0.90]
 312		1               1               [0.98]
 313		1               1               [0.89]
 314		1               0               [0.93]
 315		1               1               [0.84]
 316		1               1               [0.68]
 317		1               1               [0.93]
 318		1               1               [0.92]
 319		1               0               [0.95]
 320		1               0               [0.93]
 321		1               1               [0.93]
 322		1               1               [0.90]
 323		1               1               [0.98]
 324		1               0               [0.92]
 325		1               1               [0.95]
 326		1               1               [0.92]
 327		1               0               [0.95]
 328		1               0               [0.93]
 329		1               0               [0.97]
 330		1               0               [0.62]
 331		1               1               [0.97]
 332		1               0               [0.93]
 333		1               1               [0.98]
 334		1               0               [0.86]
 335		1               1               [0.95]
 336		1               1               [0.95]
 337		1               1               [0.99]
 338		1               1               [0.93]
 339		1               1               [0.93]
 340		1               1               [0.96]
 341		1               1               [0.93]
 342		1               0               [0.86]
 343		1               1               [0.93]
 344		1               1               [0.99]
 345		1               0               [0.97]
 346		1               1               [0.95]
 347		1               0               [0.62]
 348		1               0               [0.93]
 349		1               0               [0.86]
 350		1               0               [0.62]
 351		1               1               [0.89]
 352		1               1               [0.93]
 353		1               1               [0.97]
 354		1               1               [0.89]
 355		1               0               [0.91]
 356		0               1               [0.97]
 357		0               0               [0.78]
 358		0               1               [0.95]
 359		0               0               [0.93]
 360		0               0               [0.94]
 361		0               0               [0.95]
 362		0               1               [0.95]
 363		0               0               [0.95]
 364		0               0               [0.93]
 365		0               0               [0.95]
 366		0               0               [0.93]
 367		0               0               [0.93]
 368		0               0               [0.93]
 369		0               0               [0.93]
 370		0               0               [0.93]
 371		0               0               [0.85]
 372		0               0               [0.95]
 373		0               0               [0.93]
 374		0               0               [0.93]
 375		0               0               [0.94]
 376		0               1               [1.00]
 377		0               1               [0.90]
 378		0               0               [0.97]
 379		0               1               [0.89]
 380		0               0               [0.88]
 381		0               0               [0.93]
 382		0               0               [0.83]
 383		0               0               [0.93]
 384		0               0               [0.93]
 385		0               1               [0.89]
 386		0               0               [0.93]
 387		0               0               [0.94]
 388		0               0               [0.94]
 389		0               1               [0.95]
 390		0               0               [0.90]
 391		0               1               [0.92]
 392		0               0               [0.94]
 393		0               0               [0.92]
 394		0               0               [0.93]
 395		0               1               [0.89]
 396		0               0               [0.72]
 397		0               1               [0.89]
 398		0               0               [0.93]
 399		0               0               [0.91]
 400		0               0               [0.97]
 401		0               1               [0.96]
 402		0               0               [0.73]
 403		0               0               [0.93]
 404		0               0               [0.91]
 405		0               0               [0.93]
 406		0               0               [0.93]
 407		0               0               [0.93]
 408		0               1               [1.00]
 409		0               0               [0.92]
 410		0               1               [0.90]
 411		0               0               [0.97]
 412		0               0               [0.93]
 413		0               0               [0.93]
 414		0               1               [0.89]
 415		0               0               [0.92]
 416		0               0               [0.97]
 417		0               0               [0.88]
 418		0               0               [0.93]
 419		0               0               [0.93]
 420		0               0               [0.95]
 421		0               0               [0.90]
 422		0               0               [0.95]
 423		0               0               [0.95]
 424		0               1               [0.97]
 425		0               0               [0.90]
 426		0               0               [0.73]
 427		0               1               [0.84]
 428		0               1               [0.98]
 429		0               0               [0.93]
 430		0               0               [0.97]
 431		0               0               [0.93]
 432		0               1               [0.89]
 433		0               1               [0.97]
 434		0               0               [0.93]
 435		0               0               [0.93]
 436		0               0               [0.93]
 437		0               0               [0.93]
 438		0               0               [0.93]
 439		0               0               [0.93]
 440		0               0               [0.90]
 441		0               0               [0.95]
 442		0               0               [0.93]
 443		0               0               [0.93]
 444		0               0               [0.93]
 445		0               0               [0.81]
 446		0               0               [0.96]
 447		0               1               [0.97]
 448		0               0               [0.95]
 449		0               1               [0.95]
 450		0               0               [0.93]
 451		0               0               [0.90]
 452		0               0               [0.93]
 453		0               1               [1.00]
 454		0               1               [0.90]
 455		0               0               [0.95]
 456		0               0               [0.93]
 457		0               0               [0.93]
 458		0               0               [0.93]
 459		0               0               [0.94]
 460		0               1               [0.90]
 461		0               0               [0.92]
 462		0               0               [0.94]
 463		0               0               [0.93]
 464		0               0               [0.93]
 465		0               0               [0.73]
 466		0               0               [0.93]
 467		0               1               [0.88]
 468		0               0               [0.90]
 469		0               0               [0.71]
 470		0               0               [0.93]
 471		0               0               [0.93]
 472		0               0               [0.97]
 473		0               0               [0.95]
 474		0               1               [0.93]
 475		0               0               [0.96]
 476		0               0               [0.93]
 477		0               1               [0.90]
 478		0               1               [0.95]
 479		0               0               [0.78]
 480		0               1               [0.92]
 481		0               0               [0.90]
 482		0               0               [0.93]
 483		0               0               [0.94]
 484		0               1               [0.90]
 485		0               1               [0.90]
 486		0               0               [0.96]
 487		0               0               [0.93]
 488		0               0               [0.93]
 489		0               0               [0.93]
 490		0               0               [0.93]
 491		0               0               [0.93]
 492		0               0               [0.93]
 493		0               0               [0.93]
 494		0               0               [0.93]
 495		0               0               [0.93]
 496		0               0               [0.98]
 497		0               1               [0.98]
 498		0               0               [0.93]
 499		0               0               [0.98]
 500		0               0               [0.93]
 501		0               0               [0.73]
 502		0               1               [0.93]
 503		0               0               [0.90]
 504		0               1               [0.98]
 505		0               0               [0.90]
 506		0               0               [0.93]
 507		0               0               [0.93]
 508		0               0               [0.93]
 509		0               1               [0.90]
 510		0               0               [0.98]
 511		0               0               [0.92]
 512		0               0               [0.93]
 513		0               1               [0.93]
 514		0               0               [0.90]
 515		0               1               [0.89]
 516		0               0               [0.93]
 517		0               1               [0.95]
 518		0               1               [0.90]
 519		0               0               [0.95]
 520		0               0               [0.96]
 521		0               0               [0.73]
 522		0               0               [0.68]
 523		0               0               [0.93]
 524		0               0               [0.93]
 525		0               0               [0.93]
 526		0               0               [0.98]
 527		0               0               [0.92]
 528		0               0               [0.97]
 529		0               0               [0.97]
 530		0               0               [0.98]
 531		0               0               [0.92]
 532		0               0               [0.92]
 533		0               1               [0.92]
 534		0               0               [0.93]
 535		0               0               [0.93]
 536		0               0               [0.91]
 537		0               0               [0.93]
 538		0               0               [0.93]
 539		0               0               [0.93]
 540		0               1               [0.98]
 541		0               0               [0.97]
 542		0               0               [0.94]
 543		0               0               [0.94]
 544		0               0               [0.96]
 545		0               0               [0.92]
 546		0               0               [0.96]
 547		0               0               [0.92]
 548		0               1               [0.97]
 549		0               0               [0.91]
 550		0               0               [0.97]
 551		0               0               [0.93]
 552		0               0               [0.93]
 553		0               0               [0.93]
 554		0               0               [0.98]
 555		0               1               [0.95]
 556		0               0               [0.93]
 557		0               0               [0.85]
 558		0               1               [0.92]
 559		0               0               [0.93]
 560		0               1               [0.97]
 561		0               0               [0.96]
 562		0               0               [0.89]
 563		0               0               [0.90]
 564		0               0               [0.93]
 565		0               1               [0.97]
 566		0               0               [0.93]
 567		0               0               [0.93]
 568		0               1               [0.97]
 569		0               0               [0.92]
 570		0               0               [0.93]
 571		0               0               [0.94]
 572		0               0               [0.93]
 573		0               0               [0.93]
 574		0               0               [0.90]
 575		0               0               [0.95]
 576		0               1               [0.96]
 577		0               0               [0.93]
 578		0               0               [0.98]
 579		0               1               [0.90]
 580		0               0               [0.93]
 581		0               0               [0.93]
 582		0               0               [0.98]
 583		0               0               [0.93]
 584		0               1               [0.90]
 585		0               0               [0.92]
 586		0               0               [0.88]
 587		0               0               [0.93]
 588		0               0               [0.95]
 589		0               1               [0.68]
 590		0               0               [0.93]
 591		0               0               [0.93]
 592		0               0               [0.93]
 593		0               0               [0.96]
 594		0               0               [0.85]
 595		0               0               [0.93]
 596		0               1               [0.90]
 597		0               0               [0.92]
 598		0               0               [0.62]
 599		0               0               [0.96]
 600		0               0               [0.90]
 601		0               0               [0.93]
 602		0               1               [1.00]
 603		0               0               [0.97]
 604		0               0               [0.92]
 605		0               0               [0.96]
 606		0               0               [0.94]
 607		0               0               [0.95]
 608		0               0               [0.93]
 609		0               0               [0.93]
 610		0               0               [0.93]
 611		0               0               [0.93]
 612		0               1               [0.90]
 613		0               0               [0.93]
 614		0               0               [0.93]
 615		0               0               [0.79]
 616		0               1               [0.68]
 617		0               0               [0.93]
 618		0               0               [0.95]
 619		0               1               [0.89]
 620		0               0               [0.96]
 621		0               0               [0.96]
 622		0               1               [0.97]
 623		0               0               [0.93]
 624		0               0               [0.97]
 625		0               1               [0.84]
 626		0               1               [0.90]
 627		0               0               [0.93]
 628		0               0               [0.93]
 629		0               0               [0.93]
 630		0               0               [0.93]
 631		0               0               [0.93]
 632		0               0               [0.96]
 633		0               1               [0.92]
 634		0               0               [0.94]
 635		0               1               [0.90]
 636		0               0               [0.93]
 637		0               0               [0.93]
 638		0               0               [0.90]
 639		0               0               [0.93]
 640		0               0               [0.98]
 641		0               0               [0.92]
 642		0               1               [0.92]
 643		0               0               [0.93]
 644		0               0               [0.93]
 645		0               0               [0.93]
 646		0               0               [0.97]
 647		0               0               [0.93]
 648		0               0               [0.93]
 649		0               0               [0.93]
 650		0               0               [0.93]
 651		0               0               [0.86]
 652		0               0               [0.91]
 653		0               0               [0.83]
 654		0               0               [0.95]
 655		0               0               [0.94]
 656		0               0               [0.93]
 657		0               1               [0.92]
 658		0               0               [0.92]
 659		0               0               [0.90]
 660		0               0               [0.97]
 661		0               1               [0.90]
 662		0               0               [0.90]
 663		0               0               [0.93]
 664		0               0               [0.93]
 665		0               1               [0.99]
 666		0               0               [0.92]
 667		0               0               [0.92]
 668		0               0               [0.95]
 669		0               0               [0.97]
 670		0               0               [0.93]
 671		0               0               [0.95]
 672		0               0               [0.97]
 673		0               0               [0.91]
 674		0               0               [0.93]
 675		0               0               [0.98]
 676		0               0               [0.93]
 677		0               0               [0.95]
 678		0               0               [0.93]
 679		0               0               [0.93]
 680		0               0               [0.93]
 681		0               0               [0.96]
 682		0               0               [0.93]
 683		0               0               [0.97]
 684		0               0               [0.93]
 685		0               0               [0.93]
 686		0               0               [0.93]
 687		0               0               [0.93]
 688		0               0               [0.93]
 689		0               0               [0.92]
 690		0               0               [0.93]
 691		0               0               [0.93]
 692		0               0               [0.93]
 693		0               0               [0.93]
 694		0               0               [0.90]
 695		0               1               [0.89]
 696		0               0               [0.93]
 697		0               0               [0.93]
 698		0               0               [0.93]
 699		0               1               [0.89]
 700		0               1               [0.97]
 701		0               0               [0.97]
 702		0               0               [0.93]
 703		0               0               [0.90]
 704		0               0               [0.91]
 705		0               0               [0.97]
 706		0               0               [0.90]
 707		0               1               [0.90]
 708		0               1               [0.92]
 709		0               0               [0.93]
 710		0               0               [0.92]
 711		0               0               [0.93]
 712		0               0               [0.93]
 713		0               0               [0.93]
 714		0               1               [0.89]
 715		0               0               [0.92]
 716		0               0               [0.93]
 717		0               0               [0.93]
 718		0               0               [0.93]
 719		0               0               [0.93]
 720		0               0               [0.90]
 721		0               0               [0.73]
 722		0               0               [0.93]
 723		0               0               [0.90]
 724		0               0               [0.93]
 725		0               0               [0.90]
 726		0               1               [0.99]
 727		0               0               [0.73]
 728		0               0               [0.93]
 729		0               0               [0.98]
 730		0               0               [0.92]
 731		0               0               [0.90]
 732		0               0               [0.93]
 733		0               0               [0.93]
 734		0               0               [0.90]
 735		0               0               [0.94]
 736		0               0               [0.98]
 737		0               1               [0.80]
 738		0               0               [0.93]
 739		0               0               [0.93]
 740		0               0               [0.90]
 741		0               0               [0.93]
 742		0               0               [0.90]
 743		0               0               [0.93]
 744		0               0               [0.98]
 745		0               0               [0.98]
 746		0               0               [0.93]
 747		0               0               [0.93]
 748		0               0               [0.93]
 749		0               0               [0.92]
 750		0               0               [0.93]
 751		0               0               [0.92]
 752		0               0               [0.93]
 753		0               0               [0.90]
 754		0               0               [0.93]
 755		0               0               [0.95]
 756		0               0               [0.93]
 757		0               0               [0.93]
 758		0               0               [0.93]
 759		0               0               [0.95]
 760		0               0               [0.93]
 761		0               0               [0.92]
 762		0               0               [0.93]
 763		0               0               [0.93]
 764		0               0               [0.93]
 765		0               0               [0.91]
 766		0               0               [0.93]
 767		0               0               [0.93]
 768		0               0               [0.93]
 769		0               1               [0.98]
 770		0               0               [0.72]
 771		0               0               [0.88]
 772		0               0               [0.93]
 773		0               0               [0.85]
 774		0               0               [0.93]
 775		0               1               [0.92]
 776		0               0               [0.92]
 777		0               0               [0.93]
 778		0               0               [0.93]
 779		0               1               [0.98]
 780		0               0               [0.93]
 781		0               0               [0.93]
 782		0               0               [0.91]
 783		0               0               [0.92]
 784		0               0               [0.93]
 785		0               0               [0.93]
 786		0               0               [0.93]
 787		0               0               [0.93]
 788		0               0               [0.93]
 789		0               0               [0.90]
 790		0               0               [0.90]
 791		0               0               [0.98]
 792		0               0               [0.93]
 793		0               0               [0.72]
 794		0               0               [0.90]
 795		0               0               [0.93]
 796		0               0               [0.93]
 797		0               0               [0.90]
 798		0               0               [0.93]
 799		0               0               [0.93]
 800		0               0               [0.93]
 801		0               1               [0.96]
 802		0               0               [0.93]
 803		0               0               [0.92]
 804		0               0               [0.95]
 805		0               0               [0.90]
 806		0               0               [0.93]
 807		0               0               [0.93]
 808		0               0               [0.90]
 809		0               0               [0.97]
 810		0               1               [0.93]
 811		0               0               [0.92]
 812		0               1               [0.89]
 813		0               0               [0.90]
 814		0               0               [0.90]
 815		0               0               [0.93]
 816		0               0               [0.92]
 817		0               0               [0.93]
 818		0               0               [0.90]
 819		0               0               [0.97]
 820		0               0               [0.93]
 821		0               0               [0.93]
 822		0               0               [0.93]
 823		0               0               [0.98]
 824		0               0               [0.92]
 825		0               1               [0.88]
 826		0               0               [0.97]
 827		0               0               [0.93]
 828		0               0               [0.91]
 829		0               0               [0.92]
 830		0               1               [0.96]
 831		0               0               [0.93]
 832		0               0               [0.93]
 833		0               0               [0.90]
 834		0               0               [0.97]
 835		0               0               [0.93]
 836		0               0               [0.93]
 837		0               0               [0.96]
 838		0               0               [0.90]
 839		0               0               [0.92]
 840		0               0               [0.72]
 841		0               0               [0.96]
 842		0               0               [0.97]
 843		0               0               [0.92]
 844		0               0               [0.93]
 845		0               0               [0.97]
 846		0               1               [0.98]
 847		0               0               [0.93]
 848		0               0               [0.98]
 849		0               0               [0.93]
 850		0               0               [0.93]
 851		0               0               [0.97]
 852		0               1               [0.90]
 853		0               0               [0.90]
 854		0               0               [0.93]
 855		0               0               [0.92]
 856		0               0               [0.98]
 857		0               0               [0.93]
 858		0               0               [0.93]
 859		0               0               [0.98]
 860		0               0               [0.93]
 861		0               0               [0.91]
 862		0               0               [0.93]
 863		0               0               [0.96]
 864		0               0               [0.97]
 865		0               1               [0.89]
 866		0               0               [0.90]
 867		0               0               [0.92]
 868		0               0               [0.93]
 869		0               1               [0.95]
 870		0               0               [0.90]
 871		0               0               [0.93]
 872		0               0               [0.93]
 873		0               0               [0.98]
 874		0               0               [0.93]
 875		0               0               [0.93]
 876		0               0               [0.68]
 877		0               1               [0.97]
 878		0               0               [0.92]
 879		0               0               [0.92]
 880		0               0               [0.90]
 881		0               0               [0.93]
 882		0               0               [0.98]
 883		0               1               [0.99]
 884		0               0               [0.90]
 885		0               1               [0.93]
 886		0               1               [0.90]
 887		0               0               [0.90]
 888		0               0               [0.90]
 889		0               0               [0.93]
 890		0               0               [0.97]
 891		0               0               [0.92]
 892		0               0               [0.93]
 893		0               0               [0.93]
 894		0               0               [0.85]
 895		0               1               [0.96]
 896		0               0               [0.92]
 897		0               0               [0.93]
 898		0               0               [0.97]
 899		0               0               [0.87]
 900		0               0               [0.93]
 901		0               0               [0.93]
 902		0               0               [0.93]
 903		0               0               [0.93]
 904		0               0               [0.93]
 905		0               0               [0.93]
 906		0               0               [0.93]
 907		0               0               [0.92]
 908		0               0               [0.93]
 909		0               0               [0.93]
 910		0               1               [0.89]
 911		0               1               [0.89]
 912		0               0               [0.93]
 913		0               0               [0.93]
 914		0               0               [0.94]
 915		0               0               [0.93]
 916		0               0               [0.98]
 917		0               0               [0.97]
 918		0               0               [0.93]
 919		0               0               [0.92]
 920		0               1               [0.96]
 921		0               0               [0.93]
 922		0               0               [0.92]
 923		0               0               [0.92]
 924		0               0               [0.86]
 925		0               0               [0.86]
 926		0               0               [0.93]
 927		0               0               [0.93]
 928		0               0               [0.93]
 929		0               0               [0.93]
 930		0               0               [0.92]
 931		0               0               [0.96]
 932		0               0               [0.93]
 933		0               0               [0.97]
 934		0               0               [0.92]
 935		0               1               [0.97]
 936		0               0               [0.92]
 937		0               0               [0.93]
 938		0               0               [0.92]
 939		0               0               [0.90]
 940		0               0               [0.93]
 941		0               0               [0.93]
 942		0               0               [0.93]
 943		0               0               [0.90]
 944		0               0               [0.92]
 945		0               0               [0.93]
 946		0               0               [0.93]
 947		0               0               [0.93]
 948		0               0               [0.92]
 949		0               0               [0.98]
 950		0               0               [0.93]
 951		0               0               [0.93]
 952		0               0               [0.93]
 953		0               0               [0.93]
 954		0               1               [0.90]
 955		0               0               [0.92]
 956		0               0               [0.98]
 957		0               0               [0.93]
 958		0               1               [0.92]
 959		0               0               [0.93]
 960		0               1               [0.93]
 961		0               0               [0.92]
 962		0               0               [0.93]
 963		0               0               [0.95]
 964		0               0               [0.92]
 965		0               0               [0.93]
 966		0               0               [0.83]
 967		0               0               [0.95]
 968		0               0               [0.93]
 969		0               0               [0.93]
 970		0               0               [0.92]
 971		0               0               [0.93]
 972		0               0               [0.93]
 973		0               0               [0.93]
 974		0               0               [0.92]
 975		0               0               [0.93]
 976		0               0               [0.93]
 977		0               0               [0.93]
 978		0               0               [0.93]
 979		0               0               [0.93]
 980		0               0               [0.90]
 981		0               0               [0.98]
 982		0               0               [0.92]
 983		0               0               [0.90]
 984		0               0               [0.90]
 985		0               0               [0.91]
 986		0               0               [0.97]
 987		0               0               [0.90]
 988		0               0               [0.93]
 989		0               0               [0.90]
 990		0               1               [0.97]
 991		0               0               [0.87]
 992		0               0               [0.97]
 993		0               1               [0.88]
 994		0               0               [0.97]
 995		0               0               [0.93]
 996		0               0               [0.93]
 997		0               0               [0.92]
 998		0               1               [0.92]
 999		0               0               [0.94]
1000		0               0               [0.97]
1001		0               0               [0.93]
1002		0               1               [0.97]
1003		0               0               [0.97]
1004		0               0               [0.98]
1005		0               0               [0.90]
1006		0               0               [0.93]
1007		0               0               [0.93]
1008		0               0               [0.93]
1009		0               1               [0.98]
1010		0               0               [0.93]
1011		0               0               [0.93]
1012		0               0               [0.93]
1013		0               1               [0.97]
1014		0               0               [0.97]
1015		0               1               [0.97]
1016		0               1               [0.89]
1017		0               0               [0.93]
1018		0               0               [0.93]
1019		0               1               [0.97]
1020		0               0               [0.92]
1021		0               0               [0.92]
1022		0               0               [0.92]
1023		0               0               [0.95]
1024		0               0               [0.90]
1025		0               0               [0.97]
1026		0               0               [0.90]
1027		0               0               [0.91]
1028		0               0               [0.95]
1029		0               0               [0.92]
1030		0               0               [0.93]
1031		0               0               [0.93]
1032		0               0               [0.96]
1033		0               0               [0.98]
1034		0               0               [0.93]
1035		0               0               [0.93]
1036		0               0               [0.97]
1037		0               0               [0.92]
1038		0               0               [0.93]
1039		0               0               [0.93]
1040		0               0               [0.92]
1041		0               0               [0.90]
1042		0               0               [0.93]
1043		0               0               [0.92]
1044		0               0               [0.66]
1045		0               0               [0.93]
1046		0               0               [0.93]
1047		0               0               [0.93]
1048		0               0               [0.98]
1049		0               0               [0.93]
1050		0               0               [0.93]
1051		0               0               [0.93]
1052		0               0               [0.92]
1053		0               0               [0.93]
1054		0               0               [0.93]
1055		0               0               [0.92]
1056		0               0               [0.93]
1057		0               1               [0.96]
1058		0               0               [0.92]
1059		0               1               [0.98]
1060		0               0               [0.93]
1061		0               0               [0.93]
1062		0               1               [0.97]
1063		0               0               [0.98]
1064		0               0               [0.93]
1065		0               0               [0.98]
1066		0               0               [0.93]
1067		0               0               [0.93]
1068		0               0               [0.93]
1069		0               0               [0.92]
1070		0               0               [0.93]
1071		0               0               [0.96]
1072		0               0               [0.93]
1073		0               0               [0.90]
1074		0               0               [0.93]
1075		0               0               [0.93]
1076		0               1               [1.00]
1077		0               0               [0.88]
1078		0               1               [0.89]
1079		0               0               [0.93]
1080		0               0               [0.92]
1081		0               0               [0.97]
1082		0               0               [0.97]
1083		0               0               [0.93]
1084		0               0               [0.93]
1085		0               0               [0.93]
1086		0               0               [0.93]
1087		0               0               [0.98]
1088		0               0               [0.93]
1089		0               1               [0.90]
1090		0               0               [0.93]
1091		0               0               [0.96]
1092		0               1               [0.96]
1093		0               1               [0.84]
1094		0               0               [0.93]
1095		0               0               [0.90]
1096		0               0               [0.93]
1097		0               0               [0.97]
1098		0               0               [0.89]
1099		0               0               [0.90]
1100		0               0               [0.87]
1101		0               0               [0.93]
1102		0               1               [0.88]
1103		0               1               [0.95]
1104		0               0               [0.90]
1105		0               0               [0.93]
1106		0               0               [0.93]
1107		0               0               [0.93]
1108		0               1               [0.98]
1109		0               0               [0.98]
1110		0               0               [0.93]
1111		0               0               [0.90]
1112		0               1               [0.97]
1113		0               0               [0.90]
1114		0               0               [0.85]
1115		0               0               [0.93]
1116		0               0               [0.93]
1117		0               0               [0.73]
1118		0               0               [0.90]
1119		0               0               [0.78]
1120		0               0               [0.90]
1121		0               0               [0.66]
1122		0               0               [0.93]
1123		0               1               [0.98]
1124		0               0               [0.93]
1125		0               1               [0.89]
1126		0               0               [0.93]
1127		0               0               [0.92]
1128		0               0               [0.92]
1129		0               0               [0.98]
1130		0               1               [0.93]
1131		0               1               [0.97]
1132		0               0               [0.92]
1133		0               0               [0.90]
1134		0               1               [0.89]
1135		0               0               [0.93]
1136		0               0               [0.90]
1137		0               0               [0.93]
1138		0               0               [0.89]
1139		0               0               [0.93]
1140		0               0               [0.93]
1141		0               0               [0.91]
1142		0               0               [0.92]
1143		0               0               [0.97]
1144		0               0               [0.92]
1145		0               0               [0.90]
1146		0               0               [0.98]
1147		0               0               [0.93]
1148		0               0               [0.92]
1149		0               0               [0.92]
1150		0               1               [0.92]
1151		0               0               [0.90]
1152		0               0               [0.93]
1153		0               1               [0.88]
1154		0               0               [0.93]
1155		0               0               [0.93]
1156		0               0               [0.92]
1157		0               0               [0.93]
1158		0               0               [0.95]
1159		0               1               [0.88]
1160		0               0               [0.97]
1161		0               0               [0.68]
1162		0               0               [0.93]
1163		0               0               [0.94]
1164		0               0               [0.93]
1165		0               0               [0.93]
1166		0               0               [0.90]
1167		0               0               [0.93]
1168		0               0               [0.90]
1169		0               1               [0.95]
1170		0               0               [0.98]
1171		0               0               [0.92]
1172		0               0               [0.93]
1173		0               0               [0.90]
1174		0               0               [0.93]
1175		0               1               [0.97]
1176		0               0               [0.93]
1177		0               0               [0.98]
1178		0               0               [0.78]
1179		0               0               [0.93]
1180		0               0               [0.92]
1181		0               0               [0.93]
1182		0               0               [0.97]
1183		0               1               [0.96]
1184		0               0               [0.93]
1185		0               0               [0.93]
1186		0               1               [0.96]
1187		0               1               [0.97]
1188		0               0               [0.98]
1189		0               0               [0.98]
1190		0               0               [0.97]
1191		0               0               [0.98]
1192		0               0               [0.93]
1193		0               0               [0.93]
1194		0               0               [0.98]
1195		0               0               [0.93]
1196		0               0               [0.93]
1197		0               1               [0.92]
1198		0               0               [0.91]
1199		0               0               [0.90]
1200		0               0               [0.90]
1201		0               1               [0.93]
1202		0               0               [0.93]
1203		0               0               [0.93]
1204		0               0               [0.93]
1205		0               0               [0.98]
1206		0               0               [0.93]
1207		0               1               [0.96]
1208		0               0               [0.97]
1209		0               1               [0.99]
1210		0               0               [0.97]
1211		0               0               [0.83]
1212		0               0               [0.93]
1213		0               0               [0.93]
1214		0               0               [0.93]
1215		0               0               [0.93]
1216		0               0               [0.93]
1217		0               0               [0.93]
1218		0               0               [0.90]
1219		0               1               [0.90]
1220		0               0               [0.90]
1221		0               0               [0.90]
1222		0               1               [0.89]
1223		0               0               [0.98]
1224		0               0               [0.90]
1225		0               0               [0.93]
1226		0               0               [0.93]
1227		0               0               [0.97]
1228		0               0               [0.90]
1229		0               0               [0.93]
1230		0               0               [0.93]
1231		0               0               [0.93]
1232		0               0               [0.93]
1233		0               0               [0.66]
1234		0               0               [0.98]
1235		0               0               [0.97]
1236		0               0               [0.93]
1237		0               0               [0.92]
1238		0               1               [0.96]
1239		0               0               [0.93]
1240		0               0               [0.93]
1241		0               0               [0.95]
1242		0               1               [0.68]
1243		0               0               [0.68]
1244		0               1               [0.90]
1245		0               0               [0.93]
1246		0               0               [0.92]
