Case		Given		Predicted
 No		Class		Class

   1		1               1               [0.98]
   2		1               1               [0.98]
   3		1               1               [0.95]
   4		1               0               [0.94]
   5		1               1               [0.95]
   6		1               0               [0.93]
   7		1               1               [0.97]
   8		1               1               [0.92]
   9		1               0               [0.93]
  10		1               0               [0.93]
  11		1               1               [0.94]
  12		1               1               [0.97]
  13		1               1               [0.94]
  14		1               0               [0.95]
  15		1               0               [0.91]
  16		1               0               [0.91]
  17		1               1               [0.98]
  18		1               1               [0.98]
  19		1               0               [0.98]
  20		1               1               [0.92]
  21		1               1               [0.85]
  22		1               1               [0.94]
  23		1               1               [0.93]
  24		1               0               [0.93]
  25		1               1               [0.94]
  26		1               1               [0.94]
  27		1               1               [0.92]
  28		1               1               [0.96]
  29		1               1               [0.98]
  30		1               1               [0.98]
  31		1               1               [0.92]
  32		1               0               [0.93]
  33		1               1               [0.94]
  34		1               1               [0.94]
  35		1               0               [0.95]
  36		1               1               [0.98]
  37		1               0               [0.93]
  38		1               1               [0.92]
  39		1               0               [0.98]
  40		1               0               [0.98]
  41		1               0               [0.94]
  42		1               1               [0.98]
  43		1               1               [0.95]
  44		1               0               [0.93]
  45		1               1               [0.93]
  46		1               1               [0.93]
  47		1               1               [0.92]
  48		1               1               [0.98]
  49		1               0               [0.95]
  50		1               1               [0.94]
  51		1               0               [0.93]
  52		1               0               [0.95]
  53		1               0               [0.98]
  54		1               0               [0.95]
  55		1               1               [0.94]
  56		1               0               [0.93]
  57		1               1               [0.98]
  58		1               1               [0.95]
  59		1               0               [0.96]
  60		1               1               [0.94]
  61		1               0               [0.93]
  62		1               1               [0.94]
  63		1               1               [0.96]
  64		1               1               [0.97]
  65		1               0               [0.96]
  66		1               0               [0.96]
  67		1               1               [0.94]
  68		1               1               [0.97]
  69		1               1               [0.98]
  70		1               0               [0.98]
  71		1               1               [0.94]
  72		1               1               [0.94]
  73		1               1               [0.98]
  74		1               1               [0.89]
  75		1               0               [0.92]
  76		1               1               [0.98]
  77		1               1               [0.89]
  78		1               1               [0.94]
  79		1               1               [0.94]
  80		1               0               [0.96]
  81		1               1               [0.98]
  82		1               1               [0.95]
  83		1               1               [0.89]
  84		1               1               [0.89]
  85		1               1               [0.94]
  86		1               0               [0.94]
  87		1               0               [0.97]
  88		1               1               [0.94]
  89		1               1               [0.96]
  90		1               1               [0.96]
  91		1               1               [0.96]
  92		1               0               [0.96]
  93		1               1               [0.95]
  94		1               1               [0.95]
  95		1               1               [0.91]
  96		1               1               [0.99]
  97		1               1               [0.94]
  98		1               1               [0.96]
  99		1               1               [0.96]
 100		1               1               [0.92]
 101		1               1               [0.92]
 102		1               1               [0.96]
 103		1               0               [0.93]
 104		1               1               [0.93]
 105		1               1               [0.89]
 106		1               1               [0.98]
 107		1               1               [0.97]
 108		1               1               [0.88]
 109		1               0               [0.97]
 110		1               0               [0.92]
 111		1               1               [0.95]
 112		1               1               [0.96]
 113		1               1               [0.94]
 114		1               1               [0.99]
 115		1               0               [0.95]
 116		1               0               [0.90]
 117		1               1               [0.96]
 118		1               1               [0.96]
 119		1               1               [0.93]
 120		1               1               [0.96]
 121		1               1               [0.97]
 122		1               1               [0.95]
 123		1               1               [0.99]
 124		1               1               [0.96]
 125		1               0               [0.97]
 126		1               1               [0.96]
 127		1               1               [0.96]
 128		1               1               [0.88]
 129		1               1               [0.94]
 130		1               1               [0.94]
 131		1               1               [0.94]
 132		1               1               [0.94]
 133		1               1               [0.94]
 134		1               0               [0.98]
 135		1               1               [0.96]
 136		1               0               [0.98]
 137		1               1               [0.94]
 138		1               1               [0.90]
 139		1               1               [0.98]
 140		1               0               [0.90]
 141		1               1               [0.97]
 142		1               0               [0.98]
 143		1               0               [0.88]
 144		1               1               [0.96]
 145		1               1               [0.89]
 146		1               1               [0.93]
 147		1               1               [0.99]
 148		1               1               [0.98]
 149		1               0               [0.98]
 150		1               1               [0.96]
 151		1               1               [0.96]
 152		1               1               [0.90]
 153		1               0               [0.97]
 154		1               1               [0.94]
 155		1               1               [0.94]
 156		1               1               [0.97]
 157		1               1               [0.94]
 158		1               1               [0.98]
 159		1               1               [0.96]
 160		1               1               [0.99]
 161		1               0               [0.92]
 162		1               1               [0.94]
 163		1               1               [0.83]
 164		1               1               [0.89]
 165		1               1               [0.99]
 166		1               0               [0.96]
 167		1               0               [0.98]
 168		1               1               [0.97]
 169		1               0               [0.99]
 170		1               1               [0.97]
 171		1               0               [0.92]
 172		1               0               [0.89]
 173		1               1               [0.94]
 174		1               1               [0.96]
 175		1               1               [0.96]
 176		1               0               [0.92]
 177		1               0               [0.97]
 178		1               1               [0.89]
 179		1               1               [0.94]
 180		1               1               [0.96]
 181		1               1               [0.96]
 182		1               1               [0.90]
 183		1               0               [0.93]
 184		1               0               [0.98]
 185		1               1               [0.98]
 186		1               1               [0.95]
 187		1               1               [0.94]
 188		1               1               [0.94]
 189		1               0               [0.97]
 190		1               1               [0.96]
 191		1               1               [0.98]
 192		1               1               [0.94]
 193		1               1               [0.94]
 194		1               0               [0.97]
 195		1               0               [0.93]
 196		1               0               [0.94]
 197		1               0               [0.98]
 198		1               1               [0.92]
 199		1               1               [0.92]
 200		1               0               [0.90]
 201		1               1               [0.97]
 202		1               1               [0.93]
 203		1               1               [0.90]
 204		1               1               [0.96]
 205		1               1               [0.97]
 206		1               0               [0.96]
 207		1               1               [0.92]
 208		1               1               [0.99]
 209		1               0               [0.88]
 210		1               1               [0.98]
 211		1               1               [0.89]
 212		1               0               [0.93]
 213		1               1               [0.93]
 214		1               1               [0.88]
 215		1               1               [0.93]
 216		1               1               [0.89]
 217		1               0               [0.93]
 218		1               0               [0.96]
 219		1               1               [0.98]
 220		1               1               [0.98]
 221		1               1               [0.98]
 222		1               1               [0.98]
 223		1               1               [0.98]
 224		1               1               [0.95]
 225		1               1               [0.88]
 226		1               1               [0.89]
 227		1               0               [0.89]
 228		1               1               [0.94]
 229		1               0               [0.98]
 230		1               0               [0.93]
 231		1               1               [0.96]
 232		1               0               [0.96]
 233		1               0               [0.94]
 234		1               0               [0.91]
 235		1               1               [0.93]
 236		1               1               [0.98]
 237		1               1               [0.73]
 238		1               0               [0.96]
 239		1               1               [0.93]
 240		1               0               [0.93]
 241		1               1               [0.94]
 242		1               0               [0.98]
 243		1               0               [0.98]
 244		1               1               [0.94]
 245		1               0               [0.98]
 246		1               0               [0.98]
 247		1               1               [0.98]
 248		1               1               [0.91]
 249		1               1               [0.96]
 250		1               0               [0.93]
 251		1               1               [0.92]
 252		1               1               [0.88]
 253		1               1               [0.98]
 254		1               1               [0.98]
 255		1               0               [0.92]
 256		1               1               [0.94]
 257		1               1               [0.99]
 258		1               0               [0.98]
 259		1               0               [0.97]
 260		1               0               [0.93]
 261		1               1               [0.94]
 262		1               1               [0.94]
 263		1               1               [0.96]
 264		1               1               [0.98]
 265		1               0               [0.96]
 266		1               0               [0.96]
 267		1               1               [0.90]
 268		1               0               [0.97]
 269		1               1               [0.98]
 270		1               1               [0.89]
 271		1               1               [0.98]
 272		1               1               [0.98]
 273		1               0               [0.98]
 274		1               0               [0.95]
 275		1               0               [0.95]
 276		1               1               [0.94]
 277		1               1               [0.92]
 278		1               1               [0.94]
 279		1               1               [0.96]
 280		1               0               [0.98]
 281		1               1               [0.98]
 282		1               1               [0.95]
 283		1               1               [0.95]
 284		1               0               [0.96]
 285		1               1               [0.98]
 286		1               1               [0.95]
 287		1               1               [0.96]
 288		1               0               [0.81]
 289		1               1               [0.94]
 290		1               1               [0.96]
 291		1               1               [0.98]
 292		1               1               [0.88]
 293		1               1               [0.94]
 294		1               1               [0.98]
 295		1               1               [0.97]
 296		1               1               [0.98]
 297		1               1               [0.90]
 298		1               1               [0.96]
 299		1               0               [0.98]
 300		1               1               [0.92]
 301		1               1               [0.97]
 302		1               0               [0.95]
 303		1               1               [0.94]
 304		1               1               [0.88]
 305		1               0               [0.93]
 306		1               1               [0.99]
 307		1               1               [0.91]
 308		1               1               [0.98]
 309		1               0               [0.94]
 310		1               1               [0.88]
 311		1               1               [0.99]
 312		1               0               [0.96]
 313		1               1               [0.96]
 314		1               1               [0.95]
 315		1               1               [0.96]
 316		1               1               [0.89]
 317		1               1               [0.93]
 318		1               1               [0.88]
 319		1               1               [0.92]
 320		1               0               [0.98]
 321		1               1               [0.98]
 322		1               1               [0.98]
 323		1               1               [0.98]
 324		1               0               [0.98]
 325		1               1               [0.92]
 326		1               1               [0.96]
 327		1               1               [0.98]
 328		1               1               [0.94]
 329		1               1               [0.94]
 330		1               1               [0.97]
 331		1               0               [0.98]
 332		1               1               [0.94]
 333		1               1               [0.98]
 334		1               1               [0.96]
 335		1               1               [0.94]
 336		1               0               [0.96]
 337		1               1               [0.96]
 338		1               1               [0.93]
 339		1               1               [0.98]
 340		1               1               [0.96]
 341		1               0               [0.93]
 342		1               1               [0.88]
 343		1               1               [0.94]
 344		1               1               [0.96]
 345		1               1               [0.94]
 346		1               1               [0.98]
 347		1               0               [0.96]
 348		1               1               [0.94]
 349		1               1               [0.98]
 350		1               0               [0.96]
 351		1               0               [0.93]
 352		1               1               [0.93]
 353		1               1               [0.94]
 354		1               1               [0.98]
 355		1               0               [0.98]
 356		0               1               [0.97]
 357		0               1               [0.96]
 358		0               0               [0.98]
 359		0               0               [0.98]
 360		0               0               [0.93]
 361		0               0               [0.93]
 362		0               0               [0.96]
 363		0               0               [0.99]
 364		0               0               [0.99]
 365		0               0               [0.96]
 366		0               0               [0.99]
 367		0               0               [0.92]
 368		0               0               [0.99]
 369		0               0               [0.98]
 370		0               0               [0.98]
 371		0               0               [0.99]
 372		0               0               [0.99]
 373		0               0               [0.99]
 374		0               0               [0.95]
 375		0               0               [0.96]
 376		0               0               [0.98]
 377		0               0               [0.97]
 378		0               1               [0.89]
 379		0               0               [0.98]
 380		0               0               [0.98]
 381		0               0               [0.99]
 382		0               1               [0.89]
 383		0               0               [0.98]
 384		0               0               [0.96]
 385		0               0               [0.99]
 386		0               0               [0.99]
 387		0               0               [0.91]
 388		0               0               [0.91]
 389		0               0               [0.96]
 390		0               0               [0.98]
 391		0               0               [0.84]
 392		0               0               [0.93]
 393		0               0               [0.95]
 394		0               0               [0.98]
 395		0               0               [0.89]
 396		0               0               [0.93]
 397		0               0               [0.98]
 398		0               0               [0.92]
 399		0               0               [0.98]
 400		0               0               [0.86]
 401		0               0               [0.98]
 402		0               0               [0.90]
 403		0               0               [0.98]
 404		0               0               [0.98]
 405		0               0               [0.98]
 406		0               0               [0.96]
 407		0               0               [0.93]
 408		0               0               [0.91]
 409		0               0               [0.98]
 410		0               0               [0.98]
 411		0               1               [0.89]
 412		0               1               [0.92]
 413		0               0               [0.98]
 414		0               0               [0.98]
 415		0               1               [0.88]
 416		0               0               [0.96]
 417		0               0               [0.96]
 418		0               1               [1.00]
 419		0               0               [0.91]
 420		0               1               [0.80]
 421		0               1               [0.94]
 422		0               1               [0.89]
 423		0               1               [0.97]
 424		0               0               [0.91]
 425		0               0               [0.98]
 426		0               0               [0.92]
 427		0               1               [0.92]
 428		0               0               [0.93]
 429		0               0               [0.98]
 430		0               0               [0.97]
 431		0               0               [0.90]
 432		0               0               [0.98]
 433		0               0               [0.98]
 434		0               0               [0.98]
 435		0               0               [0.98]
 436		0               0               [0.98]
 437		0               1               [0.93]
 438		0               0               [0.98]
 439		0               0               [0.98]
 440		0               0               [0.99]
 441		0               1               [0.94]
 442		0               0               [0.98]
 443		0               0               [0.98]
 444		0               0               [0.99]
 445		0               0               [0.98]
 446		0               1               [0.98]
 447		0               0               [0.96]
 448		0               0               [0.98]
 449		0               0               [0.98]
 450		0               0               [0.99]
 451		0               1               [0.90]
 452		0               0               [0.98]
 453		0               0               [0.91]
 454		0               0               [0.96]
 455		0               0               [0.98]
 456		0               1               [0.95]
 457		0               0               [0.89]
 458		0               1               [0.93]
 459		0               1               [0.98]
 460		0               1               [0.89]
 461		0               0               [0.98]
 462		0               0               [0.96]
 463		0               0               [0.98]
 464		0               0               [0.99]
 465		0               1               [0.98]
 466		0               0               [0.98]
 467		0               0               [0.98]
 468		0               0               [0.98]
 469		0               0               [0.91]
 470		0               0               [0.97]
 471		0               1               [0.93]
 472		0               0               [0.95]
 473		0               0               [0.90]
 474		0               0               [0.98]
 475		0               1               [0.96]
 476		0               0               [0.98]
 477		0               1               [0.91]
 478		0               0               [0.98]
 479		0               1               [0.97]
 480		0               1               [0.98]
 481		0               0               [0.98]
 482		0               0               [0.98]
 483		0               1               [0.89]
 484		0               0               [0.98]
 485		0               0               [0.98]
 486		0               0               [0.94]
 487		0               1               [0.73]
 488		0               0               [0.98]
 489		0               0               [0.99]
 490		0               0               [0.99]
 491		0               0               [0.98]
 492		0               0               [0.98]
 493		0               1               [0.97]
 494		0               0               [0.99]
 495		0               0               [0.98]
 496		0               0               [0.98]
 497		0               1               [0.95]
 498		0               0               [0.89]
 499		0               0               [0.89]
 500		0               0               [0.89]
 501		0               1               [0.97]
 502		0               0               [0.98]
 503		0               0               [0.98]
 504		0               0               [0.93]
 505		0               0               [0.96]
 506		0               1               [0.89]
 507		0               0               [0.99]
 508		0               0               [0.99]
 509		0               0               [0.99]
 510		0               0               [0.98]
 511		0               0               [0.98]
 512		0               0               [0.98]
 513		0               0               [0.98]
 514		0               0               [0.98]
 515		0               0               [0.98]
 516		0               0               [0.98]
 517		0               0               [0.96]
 518		0               1               [0.92]
 519		0               0               [0.98]
 520		0               0               [0.99]
 521		0               0               [0.89]
 522		0               0               [0.93]
 523		0               0               [0.99]
 524		0               1               [0.89]
 525		0               0               [0.89]
 526		0               0               [0.98]
 527		0               1               [0.88]
 528		0               1               [0.96]
 529		0               0               [0.89]
 530		0               0               [0.98]
 531		0               0               [0.97]
 532		0               0               [0.96]
 533		0               1               [0.89]
 534		0               0               [0.97]
 535		0               1               [0.93]
 536		0               0               [0.92]
 537		0               0               [0.96]
 538		0               1               [0.94]
 539		0               1               [0.94]
 540		0               1               [0.92]
 541		0               0               [0.96]
 542		0               1               [0.89]
 543		0               1               [0.89]
 544		0               0               [0.93]
 545		0               0               [0.92]
 546		0               1               [0.96]
 547		0               0               [0.98]
 548		0               0               [0.98]
 549		0               1               [0.91]
 550		0               0               [0.98]
 551		0               0               [0.96]
 552		0               0               [0.95]
 553		0               0               [0.95]
 554		0               1               [0.98]
 555		0               0               [0.96]
 556		0               0               [0.95]
 557		0               1               [0.94]
 558		0               0               [0.96]
 559		0               0               [0.98]
 560		0               0               [0.99]
 561		0               0               [0.94]
 562		0               0               [0.93]
 563		0               1               [0.94]
 564		0               0               [0.96]
 565		0               1               [0.90]
 566		0               1               [0.99]
 567		0               0               [0.96]
 568		0               0               [0.95]
 569		0               0               [0.99]
 570		0               0               [0.98]
 571		0               0               [0.81]
 572		0               1               [0.96]
 573		0               0               [0.96]
 574		0               0               [0.98]
 575		0               0               [0.99]
 576		0               1               [0.96]
 577		0               0               [0.96]
 578		0               0               [0.92]
 579		0               0               [0.90]
 580		0               0               [0.89]
 581		0               0               [0.96]
 582		0               0               [0.98]
 583		0               0               [0.89]
 584		0               0               [0.98]
 585		0               0               [0.98]
 586		0               0               [0.96]
 587		0               0               [0.89]
 588		0               0               [0.96]
 589		0               0               [0.97]
 590		0               0               [0.89]
 591		0               1               [0.94]
 592		0               0               [0.92]
 593		0               0               [0.96]
 594		0               0               [0.92]
 595		0               0               [0.98]
 596		0               1               [0.95]
 597		0               0               [0.99]
 598		0               1               [0.94]
 599		0               0               [0.96]
 600		0               0               [0.96]
 601		0               0               [0.96]
 602		0               1               [0.92]
 603		0               1               [0.96]
 604		0               1               [0.88]
 605		0               0               [0.96]
 606		0               0               [0.96]
 607		0               1               [0.94]
 608		0               0               [0.89]
 609		0               0               [0.99]
 610		0               0               [0.96]
 611		0               0               [0.99]
 612		0               1               [0.89]
 613		0               0               [0.89]
 614		0               0               [0.98]
 615		0               0               [0.94]
 616		0               0               [0.96]
 617		0               1               [0.97]
 618		0               0               [0.98]
 619		0               0               [0.84]
 620		0               0               [0.84]
 621		0               1               [0.89]
 622		0               0               [0.84]
 623		0               0               [0.98]
 624		0               0               [0.81]
 625		0               0               [0.93]
 626		0               0               [0.99]
 627		0               1               [0.97]
 628		0               0               [0.98]
 629		0               0               [0.88]
 630		0               0               [0.93]
 631		0               0               [0.98]
 632		0               0               [0.91]
 633		0               0               [0.89]
 634		0               1               [0.97]
 635		0               0               [0.96]
 636		0               1               [0.89]
 637		0               1               [0.95]
 638		0               1               [0.94]
 639		0               0               [0.97]
 640		0               1               [0.94]
 641		0               0               [0.98]
 642		0               0               [0.96]
 643		0               0               [0.92]
 644		0               0               [0.96]
 645		0               1               [0.92]
 646		0               0               [0.99]
 647		0               1               [0.80]
 648		0               1               [0.73]
 649		0               0               [0.96]
 650		0               0               [0.81]
 651		0               1               [0.96]
 652		0               0               [0.99]
 653		0               1               [0.94]
 654		0               1               [0.83]
 655		0               0               [0.93]
 656		0               1               [1.00]
 657		0               0               [0.95]
 658		0               1               [0.90]
 659		0               0               [0.98]
 660		0               1               [0.98]
 661		0               0               [0.88]
 662		0               0               [0.92]
 663		0               0               [0.92]
 664		0               0               [0.93]
 665		0               0               [0.96]
 666		0               0               [0.99]
 667		0               0               [0.98]
 668		0               0               [0.99]
 669		0               1               [0.94]
 670		0               1               [0.96]
 671		0               0               [0.99]
 672		0               1               [0.96]
 673		0               1               [0.93]
 674		0               0               [0.99]
 675		0               0               [0.98]
 676		0               0               [0.93]
 677		0               0               [0.96]
 678		0               0               [0.98]
 679		0               0               [0.98]
 680		0               1               [0.94]
 681		0               0               [0.93]
 682		0               0               [0.99]
 683		0               0               [0.98]
 684		0               0               [0.98]
 685		0               0               [0.92]
 686		0               0               [0.98]
 687		0               0               [0.98]
 688		0               0               [0.89]
 689		0               0               [0.99]
 690		0               1               [0.80]
 691		0               0               [0.99]
 692		0               0               [0.96]
 693		0               0               [0.98]
 694		0               0               [0.93]
 695		0               1               [0.99]
 696		0               0               [0.98]
 697		0               0               [0.98]
 698		0               0               [0.90]
 699		0               1               [0.90]
 700		0               0               [0.95]
 701		0               0               [0.95]
 702		0               1               [0.97]
 703		0               0               [0.98]
 704		0               1               [0.97]
 705		0               0               [0.95]
 706		0               0               [0.99]
 707		0               0               [0.96]
 708		0               0               [0.91]
 709		0               0               [0.81]
 710		0               0               [0.99]
 711		0               0               [0.89]
 712		0               0               [0.96]
 713		0               1               [0.93]
 714		0               1               [0.97]
 715		0               0               [0.88]
 716		0               0               [0.81]
 717		0               0               [0.88]
 718		0               0               [0.98]
 719		0               0               [0.88]
 720		0               0               [0.98]
 721		0               0               [0.89]
 722		0               1               [0.93]
 723		0               1               [0.90]
 724		0               1               [0.94]
 725		0               1               [0.92]
 726		0               1               [0.96]
 727		0               1               [0.90]
 728		0               0               [0.92]
 729		0               1               [0.90]
 730		0               0               [0.89]
 731		0               1               [0.94]
 732		0               1               [0.92]
 733		0               0               [0.99]
 734		0               0               [0.98]
 735		0               1               [0.95]
 736		0               0               [0.90]
 737		0               0               [0.99]
 738		0               0               [0.89]
 739		0               0               [0.99]
 740		0               0               [0.98]
 741		0               0               [0.98]
 742		0               0               [0.95]
 743		0               0               [0.98]
 744		0               0               [0.93]
 745		0               0               [0.98]
 746		0               1               [1.00]
 747		0               0               [0.89]
 748		0               0               [0.99]
 749		0               0               [0.98]
 750		0               0               [0.98]
 751		0               0               [0.89]
 752		0               0               [0.93]
 753		0               0               [0.88]
 754		0               1               [0.94]
 755		0               0               [0.99]
 756		0               1               [0.98]
 757		0               0               [0.98]
 758		0               0               [0.99]
 759		0               1               [0.94]
 760		0               0               [0.98]
 761		0               0               [0.93]
 762		0               0               [0.99]
 763		0               0               [0.95]
 764		0               0               [0.98]
 765		0               0               [0.88]
 766		0               0               [0.99]
 767		0               0               [0.96]
 768		0               1               [0.93]
 769		0               0               [0.99]
 770		0               0               [0.98]
 771		0               0               [0.96]
 772		0               0               [0.96]
 773		0               1               [0.93]
 774		0               1               [0.89]
 775		0               0               [0.98]
 776		0               0               [0.98]
 777		0               0               [0.98]
 778		0               0               [0.96]
 779		0               1               [0.94]
 780		0               1               [0.89]
 781		0               0               [0.93]
 782		0               0               [0.98]
 783		0               0               [0.88]
 784		0               0               [0.99]
 785		0               1               [0.94]
 786		0               0               [0.99]
 787		0               0               [0.96]
 788		0               0               [0.98]
 789		0               0               [0.95]
 790		0               0               [0.98]
 791		0               0               [0.89]
 792		0               0               [0.98]
 793		0               0               [0.98]
 794		0               0               [0.99]
 795		0               0               [0.89]
 796		0               1               [0.93]
 797		0               0               [0.92]
 798		0               0               [0.98]
 799		0               0               [0.99]
 800		0               0               [0.98]
 801		0               1               [0.96]
 802		0               0               [0.95]
 803		0               0               [0.89]
 804		0               0               [0.98]
 805		0               0               [0.98]
 806		0               0               [0.93]
 807		0               0               [0.91]
 808		0               0               [0.98]
 809		0               1               [0.95]
 810		0               0               [0.95]
 811		0               0               [0.98]
 812		0               1               [0.90]
 813		0               0               [0.99]
 814		0               0               [0.95]
 815		0               0               [0.88]
 816		0               0               [0.98]
 817		0               0               [0.98]
 818		0               1               [0.98]
 819		0               0               [0.98]
 820		0               0               [0.88]
 821		0               0               [0.93]
 822		0               0               [0.95]
 823		0               0               [0.99]
 824		0               0               [0.98]
 825		0               0               [0.98]
 826		0               0               [0.98]
 827		0               1               [0.96]
 828		0               0               [0.99]
 829		0               0               [0.98]
 830		0               1               [0.92]
 831		0               1               [0.97]
 832		0               0               [0.93]
 833		0               0               [0.99]
 834		0               0               [0.98]
 835		0               0               [0.98]
 836		0               0               [0.98]
 837		0               0               [0.98]
 838		0               0               [0.98]
 839		0               0               [0.98]
 840		0               0               [0.99]
 841		0               0               [0.96]
 842		0               0               [0.93]
 843		0               1               [1.00]
 844		0               0               [0.89]
 845		0               1               [0.89]
 846		0               0               [0.93]
 847		0               0               [0.93]
 848		0               0               [0.89]
 849		0               0               [0.93]
 850		0               0               [0.92]
 851		0               1               [0.94]
 852		0               1               [0.92]
 853		0               1               [0.96]
 854		0               0               [0.96]
 855		0               0               [0.89]
 856		0               0               [0.98]
 857		0               1               [0.93]
 858		0               0               [0.99]
 859		0               1               [0.80]
 860		0               1               [0.89]
 861		0               0               [0.93]
 862		0               0               [0.99]
 863		0               0               [0.96]
 864		0               0               [0.96]
 865		0               0               [0.96]
 866		0               1               [0.94]
 867		0               1               [0.97]
 868		0               1               [0.90]
 869		0               0               [0.95]
 870		0               0               [0.98]
 871		0               1               [0.92]
 872		0               0               [0.98]
 873		0               0               [0.93]
 874		0               0               [0.96]
 875		0               1               [0.93]
 876		0               1               [0.94]
 877		0               0               [0.93]
 878		0               0               [0.98]
 879		0               0               [0.88]
 880		0               0               [0.98]
 881		0               0               [0.99]
 882		0               0               [0.81]
 883		0               0               [0.92]
 884		0               0               [0.94]
 885		0               0               [0.98]
 886		0               1               [0.96]
 887		0               0               [0.98]
 888		0               0               [0.93]
 889		0               0               [0.99]
 890		0               1               [0.96]
 891		0               0               [0.98]
 892		0               1               [0.80]
 893		0               1               [0.94]
 894		0               1               [0.93]
 895		0               1               [0.97]
 896		0               0               [0.89]
 897		0               0               [0.88]
 898		0               1               [0.94]
 899		0               0               [0.94]
 900		0               0               [0.98]
 901		0               0               [0.89]
 902		0               0               [0.89]
 903		0               0               [0.99]
 904		0               1               [0.94]
 905		0               0               [0.89]
 906		0               0               [0.99]
 907		0               0               [0.88]
 908		0               0               [0.98]
 909		0               0               [0.95]
 910		0               0               [0.97]
 911		0               1               [0.96]
 912		0               0               [0.89]
 913		0               0               [0.99]
 914		0               0               [0.96]
 915		0               0               [0.97]
 916		0               0               [0.93]
 917		0               1               [0.93]
 918		0               0               [0.89]
 919		0               0               [0.98]
 920		0               0               [0.99]
 921		0               0               [0.93]
 922		0               0               [0.95]
 923		0               0               [0.98]
 924		0               1               [0.94]
 925		0               0               [0.98]
 926		0               1               [0.94]
 927		0               0               [0.98]
 928		0               0               [0.98]
 929		0               0               [0.99]
 930		0               0               [0.99]
 931		0               1               [0.89]
 932		0               1               [0.93]
 933		0               0               [0.98]
 934		0               1               [0.97]
 935		0               1               [0.93]
 936		0               0               [0.98]
 937		0               0               [0.98]
 938		0               0               [0.88]
 939		0               0               [0.98]
 940		0               0               [0.81]
 941		0               0               [0.98]
 942		0               1               [0.97]
 943		0               0               [0.98]
 944		0               0               [0.98]
 945		0               1               [0.80]
 946		0               0               [0.98]
 947		0               0               [0.99]
 948		0               0               [0.89]
 949		0               1               [0.94]
 950		0               0               [0.99]
 951		0               0               [0.89]
 952		0               0               [0.96]
 953		0               0               [0.89]
 954		0               0               [0.97]
 955		0               0               [0.98]
 956		0               1               [0.92]
 957		0               0               [0.93]
 958		0               1               [0.89]
 959		0               0               [0.98]
 960		0               1               [0.98]
 961		0               0               [0.89]
 962		0               1               [0.92]
 963		0               0               [0.92]
 964		0               0               [0.98]
 965		0               0               [0.99]
 966		0               0               [0.96]
 967		0               0               [0.96]
 968		0               0               [0.89]
 969		0               0               [0.99]
 970		0               0               [0.98]
 971		0               0               [0.99]
 972		0               0               [0.99]
 973		0               0               [0.98]
 974		0               0               [0.98]
 975		0               0               [0.89]
 976		0               0               [0.98]
 977		0               0               [0.99]
 978		0               1               [0.90]
 979		0               0               [0.98]
 980		0               0               [0.99]
 981		0               1               [0.94]
 982		0               0               [0.98]
 983		0               0               [0.98]
 984		0               0               [0.98]
 985		0               1               [0.96]
 986		0               0               [0.96]
 987		0               1               [0.98]
 988		0               0               [0.98]
 989		0               0               [0.98]
 990		0               0               [0.98]
 991		0               0               [0.98]
 992		0               1               [0.89]
 993		0               0               [0.98]
 994		0               0               [0.93]
 995		0               0               [0.98]
 996		0               0               [0.99]
 997		0               0               [0.99]
 998		0               0               [0.81]
 999		0               1               [0.96]
1000		0               0               [0.98]
1001		0               1               [0.96]
1002		0               1               [0.94]
1003		0               0               [0.92]
1004		0               1               [0.99]
1005		0               0               [0.98]
1006		0               1               [0.99]
1007		0               0               [0.98]
1008		0               0               [0.99]
1009		0               0               [0.88]
1010		0               0               [0.92]
1011		0               0               [0.93]
1012		0               0               [0.98]
1013		0               0               [0.98]
1014		0               0               [0.89]
1015		0               0               [0.96]
1016		0               0               [0.99]
1017		0               0               [0.98]
1018		0               0               [0.95]
1019		0               0               [0.97]
1020		0               0               [0.98]
1021		0               0               [0.98]
1022		0               0               [0.98]
1023		0               1               [0.96]
1024		0               1               [0.94]
1025		0               0               [0.98]
1026		0               0               [0.99]
1027		0               1               [0.98]
1028		0               1               [0.73]
1029		0               0               [0.98]
1030		0               0               [0.97]
1031		0               1               [0.99]
1032		0               1               [0.92]
1033		0               0               [0.99]
1034		0               0               [0.98]
1035		0               0               [0.81]
1036		0               0               [0.93]
1037		0               0               [0.98]
1038		0               0               [0.98]
1039		0               0               [0.95]
1040		0               0               [0.99]
1041		0               0               [0.93]
1042		0               1               [0.93]
1043		0               0               [0.98]
1044		0               0               [0.90]
1045		0               0               [0.95]
1046		0               0               [0.98]
1047		0               0               [0.99]
1048		0               0               [0.99]
1049		0               0               [0.98]
1050		0               0               [0.99]
1051		0               0               [0.92]
1052		0               0               [0.98]
1053		0               0               [0.98]
1054		0               0               [0.95]
1055		0               0               [0.98]
1056		0               0               [0.99]
1057		0               0               [0.95]
1058		0               0               [0.98]
1059		0               1               [0.97]
1060		0               0               [0.96]
1061		0               1               [0.83]
1062		0               0               [0.95]
1063		0               1               [0.89]
1064		0               0               [0.99]
1065		0               1               [0.89]
1066		0               0               [0.95]
1067		0               1               [0.94]
1068		0               1               [0.97]
1069		0               0               [0.98]
1070		0               1               [0.93]
1071		0               0               [0.96]
1072		0               1               [0.94]
1073		0               0               [0.95]
1074		0               0               [0.99]
1075		0               0               [0.92]
1076		0               0               [0.95]
1077		0               1               [0.98]
1078		0               1               [0.94]
1079		0               0               [0.98]
1080		0               0               [0.98]
1081		0               0               [0.97]
1082		0               0               [0.98]
1083		0               0               [0.99]
1084		0               0               [0.98]
1085		0               0               [0.93]
1086		0               0               [0.98]
1087		0               0               [0.98]
1088		0               1               [0.94]
1089		0               0               [0.99]
1090		0               0               [0.98]
1091		0               0               [0.96]
1092		0               0               [0.95]
1093		0               1               [0.95]
1094		0               0               [0.88]
1095		0               0               [0.98]
1096		0               0               [0.98]
1097		0               0               [0.98]
1098		0               1               [0.90]
1099		0               0               [0.93]
1100		0               0               [0.99]
1101		0               0               [0.98]
1102		0               1               [0.94]
1103		0               0               [0.95]
1104		0               0               [0.98]
1105		0               0               [0.98]
1106		0               1               [0.90]
1107		0               0               [0.93]
1108		0               0               [0.94]
1109		0               0               [0.99]
1110		0               0               [0.98]
1111		0               1               [0.94]
1112		0               0               [0.96]
1113		0               0               [0.98]
1114		0               0               [0.88]
1115		0               1               [0.93]
1116		0               1               [0.94]
1117		0               0               [0.99]
1118		0               0               [0.89]
1119		0               0               [0.96]
1120		0               0               [0.92]
1121		0               0               [0.98]
1122		0               0               [0.97]
1123		0               0               [0.99]
1124		0               0               [0.98]
1125		0               0               [0.99]
1126		0               0               [0.98]
1127		0               0               [0.98]
1128		0               0               [0.98]
1129		0               1               [1.00]
1130		0               1               [0.98]
1131		0               1               [0.95]
1132		0               0               [0.88]
1133		0               0               [0.99]
1134		0               1               [0.93]
1135		0               0               [0.98]
1136		0               0               [0.88]
1137		0               0               [0.98]
1138		0               0               [0.95]
1139		0               0               [0.93]
1140		0               1               [0.98]
1141		0               0               [0.99]
1142		0               1               [0.80]
1143		0               0               [0.98]
1144		0               0               [0.98]
1145		0               0               [0.89]
1146		0               1               [0.94]
1147		0               0               [0.99]
1148		0               0               [0.98]
1149		0               0               [0.98]
1150		0               0               [0.98]
1151		0               0               [0.89]
1152		0               0               [0.95]
1153		0               0               [0.99]
1154		0               0               [0.98]
1155		0               0               [0.88]
1156		0               0               [0.98]
1157		0               0               [0.99]
1158		0               0               [0.96]
1159		0               0               [0.95]
1160		0               0               [0.92]
1161		0               1               [0.99]
1162		0               0               [0.98]
1163		0               0               [0.99]
1164		0               0               [0.99]
1165		0               1               [0.90]
1166		0               0               [0.98]
1167		0               1               [0.94]
1168		0               0               [0.88]
1169		0               1               [0.93]
1170		0               0               [0.99]
1171		0               0               [0.88]
1172		0               0               [0.95]
1173		0               0               [0.98]
1174		0               1               [0.94]
1175		0               0               [0.99]
1176		0               0               [0.98]
1177		0               0               [0.96]
1178		0               1               [0.73]
1179		0               0               [0.95]
1180		0               0               [0.98]
1181		0               0               [0.98]
1182		0               0               [0.99]
1183		0               0               [0.95]
1184		0               0               [0.89]
1185		0               0               [0.98]
1186		0               0               [0.95]
1187		0               0               [0.95]
1188		0               0               [0.97]
1189		0               1               [0.94]
1190		0               0               [0.98]
1191		0               0               [0.99]
1192		0               0               [0.98]
1193		0               0               [0.98]
1194		0               1               [0.96]
1195		0               0               [0.99]
1196		0               0               [0.98]
1197		0               0               [0.99]
1198		0               1               [0.89]
1199		0               0               [0.95]
1200		0               0               [0.98]
1201		0               1               [0.98]
1202		0               0               [0.99]
1203		0               0               [0.95]
1204		0               0               [0.98]
1205		0               0               [0.98]
1206		0               0               [0.90]
1207		0               1               [0.95]
1208		0               0               [0.96]
1209		0               0               [0.96]
1210		0               1               [0.94]
1211		0               0               [0.93]
1212		0               1               [0.93]
1213		0               1               [0.93]
1214		0               0               [0.98]
1215		0               0               [0.95]
1216		0               0               [0.99]
1217		0               0               [0.98]
1218		0               0               [0.96]
1219		0               1               [0.94]
1220		0               1               [0.89]
1221		0               0               [0.95]
1222		0               0               [0.96]
1223		0               1               [0.94]
1224		0               0               [0.98]
1225		0               1               [0.80]
1226		0               0               [0.98]
1227		0               0               [0.99]
1228		0               0               [0.88]
1229		0               0               [0.98]
1230		0               0               [0.99]
1231		0               0               [0.99]
1232		0               1               [0.90]
1233		0               1               [0.89]
1234		0               0               [0.99]
1235		0               0               [0.93]
1236		0               1               [0.94]
1237		0               0               [0.99]
1238		0               1               [0.94]
1239		0               0               [0.81]
1240		0               0               [0.99]
1241		0               0               [0.91]
1242		0               1               [0.99]
1243		0               0               [0.93]
1244		0               0               [0.97]
1245		0               1               [0.94]
1246		0               0               [0.98]
