Case		Given		Predicted
 No		Class		Class

   1		1               0               [0.90]
   2		1               1               [0.97]
   3		1               1               [0.93]
   4		1               0               [0.89]
   5		1               1               [0.94]
   6		1               1               [0.93]
   7		1               0               [0.90]
   8		1               1               [0.91]
   9		1               1               [0.93]
  10		1               1               [0.94]
  11		1               1               [0.98]
  12		1               1               [0.94]
  13		1               1               [0.98]
  14		1               1               [0.94]
  15		1               0               [0.92]
  16		1               1               [0.93]
  17		1               1               [0.94]
  18		1               1               [0.97]
  19		1               0               [0.96]
  20		1               1               [0.91]
  21		1               0               [0.88]
  22		1               0               [0.82]
  23		1               1               [0.98]
  24		1               1               [0.90]
  25		1               1               [0.97]
  26		1               1               [0.91]
  27		1               1               [0.91]
  28		1               0               [0.96]
  29		1               0               [0.89]
  30		1               0               [0.85]
  31		1               1               [0.91]
  32		1               0               [0.97]
  33		1               1               [0.91]
  34		1               1               [0.98]
  35		1               1               [0.91]
  36		1               0               [0.76]
  37		1               0               [0.97]
  38		1               1               [0.91]
  39		1               0               [0.87]
  40		1               1               [0.93]
  41		1               1               [0.97]
  42		1               1               [0.94]
  43		1               1               [0.94]
  44		1               1               [0.99]
  45		1               1               [0.76]
  46		1               0               [0.89]
  47		1               1               [0.97]
  48		1               0               [0.93]
  49		1               1               [0.91]
  50		1               1               [0.98]
  51		1               0               [0.93]
  52		1               1               [0.91]
  53		1               1               [0.90]
  54		1               1               [0.91]
  55		1               1               [0.91]
  56		1               0               [0.88]
  57		1               1               [0.97]
  58		1               1               [0.97]
  59		1               1               [0.94]
  60		1               1               [0.94]
  61		1               0               [0.92]
  62		1               1               [0.94]
  63		1               1               [0.91]
  64		1               1               [0.94]
  65		1               1               [0.94]
  66		1               1               [0.94]
  67		1               1               [0.94]
  68		1               1               [0.89]
  69		1               1               [0.94]
  70		1               1               [0.91]
  71		1               1               [0.97]
  72		1               0               [0.90]
  73		1               0               [0.90]
  74		1               1               [0.85]
  75		1               1               [0.90]
  76		1               1               [0.94]
  77		1               1               [0.91]
  78		1               1               [1.00]
  79		1               1               [0.99]
  80		1               0               [0.91]
  81		1               0               [0.74]
  82		1               0               [0.90]
  83		1               0               [0.89]
  84		1               1               [0.71]
  85		1               1               [0.94]
  86		1               0               [0.93]
  87		1               1               [0.91]
  88		1               1               [0.88]
  89		1               1               [0.97]
  90		1               1               [0.94]
  91		1               1               [0.94]
  92		1               0               [0.87]
  93		1               0               [0.87]
  94		1               0               [0.87]
  95		1               0               [0.82]
  96		1               1               [0.87]
  97		1               1               [0.94]
  98		1               1               [0.87]
  99		1               1               [0.89]
 100		1               0               [0.91]
 101		1               1               [1.00]
 102		1               0               [0.89]
 103		1               1               [0.90]
 104		1               1               [0.94]
 105		1               0               [0.85]
 106		1               1               [0.97]
 107		1               0               [0.95]
 108		1               1               [0.90]
 109		1               1               [0.94]
 110		1               0               [0.76]
 111		1               1               [0.94]
 112		1               1               [0.94]
 113		1               0               [0.97]
 114		1               1               [0.91]
 115		1               1               [0.91]
 116		1               1               [0.91]
 117		1               0               [0.94]
 118		1               0               [0.91]
 119		1               1               [0.99]
 120		1               0               [0.97]
 121		1               0               [0.89]
 122		1               0               [0.77]
 123		1               1               [0.84]
 124		1               1               [0.91]
 125		1               0               [0.86]
 126		1               1               [0.91]
 127		1               0               [0.86]
 128		1               1               [0.91]
 129		1               0               [0.90]
 130		1               1               [0.94]
 131		1               1               [0.84]
 132		1               0               [0.86]
 133		1               1               [0.94]
 134		1               1               [0.84]
 135		1               1               [0.85]
 136		1               1               [0.94]
 137		1               1               [0.99]
 138		1               1               [0.91]
 139		1               1               [0.97]
 140		1               1               [0.97]
 141		1               1               [0.99]
 142		1               1               [0.97]
 143		1               1               [0.95]
 144		1               1               [0.94]
 145		1               1               [0.97]
 146		1               1               [0.97]
 147		1               0               [0.90]
 148		1               0               [0.89]
 149		1               0               [0.87]
 150		1               1               [0.82]
 151		1               1               [0.93]
 152		1               0               [0.96]
 153		1               1               [0.94]
 154		1               1               [0.94]
 155		1               1               [0.94]
 156		1               0               [0.98]
 157		1               1               [0.94]
 158		1               1               [0.94]
 159		1               1               [0.94]
 160		1               1               [0.85]
 161		1               1               [0.95]
 162		1               1               [0.94]
 163		1               0               [0.89]
 164		1               1               [0.99]
 165		1               0               [0.94]
 166		1               1               [0.94]
 167		1               0               [0.93]
 168		1               0               [0.94]
 169		1               0               [0.94]
 170		1               1               [0.97]
 171		1               1               [0.90]
 172		1               1               [0.98]
 173		1               1               [0.91]
 174		1               0               [0.96]
 175		1               1               [0.94]
 176		1               1               [0.94]
 177		1               0               [0.90]
 178		1               0               [0.77]
 179		1               1               [0.97]
 180		1               1               [0.97]
 181		1               0               [0.77]
 182		1               1               [0.94]
 183		1               0               [0.96]
 184		1               1               [0.84]
 185		1               1               [0.94]
 186		1               1               [0.97]
 187		1               1               [0.94]
 188		1               1               [0.97]
 189		1               0               [0.96]
 190		1               0               [0.97]
 191		1               1               [1.00]
 192		1               1               [0.94]
 193		1               1               [0.94]
 194		1               1               [0.94]
 195		1               1               [0.82]
 196		1               0               [0.97]
 197		1               1               [0.97]
 198		1               0               [0.89]
 199		1               1               [0.97]
 200		1               0               [0.96]
 201		1               1               [0.91]
 202		1               1               [0.99]
 203		1               1               [0.87]
 204		1               1               [0.94]
 205		1               1               [0.97]
 206		1               1               [0.97]
 207		1               0               [0.74]
 208		1               0               [0.90]
 209		1               0               [0.97]
 210		1               0               [0.93]
 211		1               0               [0.74]
 212		1               1               [0.90]
 213		1               0               [0.87]
 214		1               1               [0.97]
 215		1               1               [0.94]
 216		1               1               [0.85]
 217		1               1               [0.94]
 218		1               0               [0.95]
 219		1               0               [0.89]
 220		1               0               [0.89]
 221		1               0               [0.90]
 222		1               1               [0.94]
 223		1               0               [0.93]
 224		1               1               [0.97]
 225		1               0               [0.97]
 226		1               1               [0.94]
 227		1               0               [0.98]
 228		1               0               [0.95]
 229		1               1               [0.93]
 230		1               1               [0.99]
 231		1               1               [0.87]
 232		1               1               [0.97]
 233		1               0               [0.89]
 234		1               0               [0.82]
 235		1               1               [0.92]
 236		1               1               [0.97]
 237		1               1               [0.76]
 238		1               1               [0.94]
 239		1               1               [0.97]
 240		1               1               [0.92]
 241		1               1               [0.94]
 242		1               1               [0.94]
 243		1               1               [0.94]
 244		1               1               [0.97]
 245		1               0               [0.91]
 246		1               1               [0.97]
 247		1               1               [0.97]
 248		1               0               [0.93]
 249		1               1               [0.94]
 250		1               1               [0.92]
 251		1               1               [0.97]
 252		1               0               [0.85]
 253		1               1               [0.92]
 254		1               0               [0.89]
 255		1               1               [0.95]
 256		1               1               [0.94]
 257		1               1               [0.97]
 258		1               0               [0.95]
 259		1               0               [0.82]
 260		1               0               [0.87]
 261		1               1               [0.85]
 262		1               1               [0.94]
 263		1               1               [0.95]
 264		1               1               [0.97]
 265		1               0               [0.80]
 266		1               1               [0.89]
 267		1               1               [0.87]
 268		1               1               [0.94]
 269		1               1               [0.94]
 270		1               1               [0.97]
 271		1               0               [0.89]
 272		1               1               [0.97]
 273		1               0               [0.93]
 274		1               0               [0.82]
 275		1               1               [0.94]
 276		1               0               [0.86]
 277		1               0               [0.90]
 278		1               1               [0.97]
 279		1               1               [0.94]
 280		1               1               [0.90]
 281		1               0               [0.74]
 282		1               1               [0.94]
 283		1               1               [0.97]
 284		1               0               [0.74]
 285		1               1               [0.94]
 286		1               1               [0.94]
 287		1               1               [0.97]
 288		1               1               [0.87]
 289		1               1               [0.99]
 290		1               1               [0.95]
 291		1               1               [0.97]
 292		1               1               [0.97]
 293		1               0               [0.87]
 294		1               0               [0.98]
 295		1               0               [0.89]
 296		1               1               [0.92]
 297		1               1               [0.97]
 298		1               1               [0.97]
 299		1               1               [0.99]
 300		1               0               [0.96]
 301		1               1               [0.99]
 302		1               0               [0.87]
 303		1               1               [0.94]
 304		1               0               [0.89]
 305		1               0               [0.85]
 306		1               0               [0.89]
 307		1               1               [0.93]
 308		1               1               [0.87]
 309		1               0               [0.96]
 310		1               1               [0.97]
 311		1               0               [0.87]
 312		1               1               [0.94]
 313		1               1               [0.87]
 314		1               0               [0.85]
 315		1               1               [0.82]
 316		1               0               [0.77]
 317		1               1               [0.97]
 318		1               0               [0.89]
 319		1               0               [0.96]
 320		1               0               [0.97]
 321		1               0               [0.89]
 322		1               0               [0.85]
 323		1               1               [0.98]
 324		1               0               [0.97]
 325		1               0               [0.97]
 326		1               1               [0.91]
 327		1               1               [0.94]
 328		1               0               [0.90]
 329		1               0               [0.96]
 330		1               1               [0.99]
 331		1               1               [0.97]
 332		1               0               [0.95]
 333		1               1               [0.99]
 334		1               1               [0.94]
 335		1               1               [0.99]
 336		1               1               [0.94]
 337		1               1               [0.94]
 338		1               1               [0.94]
 339		1               1               [0.92]
 340		1               1               [0.94]
 341		1               1               [0.97]
 342		1               1               [0.94]
 343		1               1               [0.97]
 344		1               1               [0.94]
 345		1               1               [0.98]
 346		1               1               [0.99]
 347		1               0               [0.78]
 348		1               0               [0.91]
 349		1               1               [0.97]
 350		1               1               [0.94]
 351		1               1               [0.97]
 352		1               1               [0.97]
 353		1               0               [0.98]
 354		1               0               [0.91]
 355		1               0               [0.88]
 356		0               1               [0.94]
 357		0               0               [0.97]
 358		0               1               [0.94]
 359		0               0               [0.94]
 360		0               0               [0.95]
 361		0               0               [0.97]
 362		0               0               [0.91]
 363		0               0               [0.94]
 364		0               0               [0.91]
 365		0               0               [0.80]
 366		0               0               [0.97]
 367		0               0               [0.91]
 368		0               0               [0.98]
 369		0               0               [0.96]
 370		0               0               [0.97]
 371		0               0               [0.97]
 372		0               0               [0.97]
 373		0               0               [0.97]
 374		0               1               [0.76]
 375		0               0               [0.95]
 376		0               1               [1.00]
 377		0               1               [0.94]
 378		0               0               [0.94]
 379		0               1               [0.84]
 380		0               0               [0.84]
 381		0               0               [0.90]
 382		0               0               [0.87]
 383		0               0               [0.91]
 384		0               0               [0.97]
 385		0               0               [0.94]
 386		0               0               [0.91]
 387		0               0               [0.92]
 388		0               0               [0.92]
 389		0               0               [0.91]
 390		0               0               [0.80]
 391		0               0               [0.89]
 392		0               1               [0.97]
 393		0               0               [0.91]
 394		0               0               [0.96]
 395		0               0               [0.94]
 396		0               0               [0.94]
 397		0               0               [0.96]
 398		0               0               [0.97]
 399		0               0               [0.89]
 400		0               0               [0.95]
 401		0               0               [0.95]
 402		0               0               [0.97]
 403		0               0               [0.97]
 404		0               0               [0.89]
 405		0               0               [0.98]
 406		0               0               [0.97]
 407		0               0               [0.97]
 408		0               1               [1.00]
 409		0               0               [0.97]
 410		0               0               [0.86]
 411		0               0               [0.91]
 412		0               0               [0.98]
 413		0               0               [0.93]
 414		0               0               [0.96]
 415		0               1               [0.91]
 416		0               0               [0.95]
 417		0               0               [0.96]
 418		0               0               [0.96]
 419		0               1               [0.98]
 420		0               0               [0.91]
 421		0               1               [0.84]
 422		0               0               [0.97]
 423		0               0               [0.97]
 424		0               0               [0.91]
 425		0               0               [0.97]
 426		0               0               [0.80]
 427		0               1               [0.95]
 428		0               0               [0.80]
 429		0               0               [0.97]
 430		0               0               [0.96]
 431		0               0               [0.93]
 432		0               1               [0.91]
 433		0               1               [0.94]
 434		0               0               [0.97]
 435		0               0               [0.97]
 436		0               0               [0.91]
 437		0               0               [0.96]
 438		0               1               [0.76]
 439		0               0               [0.91]
 440		0               0               [0.91]
 441		0               1               [0.94]
 442		0               0               [0.97]
 443		0               0               [0.97]
 444		0               0               [0.97]
 445		0               0               [0.94]
 446		0               1               [0.94]
 447		0               1               [0.97]
 448		0               0               [0.91]
 449		0               1               [0.99]
 450		0               0               [0.96]
 451		0               0               [0.97]
 452		0               0               [0.91]
 453		0               1               [1.00]
 454		0               1               [0.89]
 455		0               0               [0.91]
 456		0               0               [0.97]
 457		0               1               [0.94]
 458		0               1               [0.94]
 459		0               0               [0.93]
 460		0               0               [0.88]
 461		0               1               [0.94]
 462		0               0               [0.91]
 463		0               0               [0.96]
 464		0               0               [0.91]
 465		0               1               [0.95]
 466		0               0               [0.93]
 467		0               0               [0.80]
 468		0               0               [0.94]
 469		0               0               [0.66]
 470		0               0               [0.97]
 471		0               1               [0.76]
 472		0               0               [0.91]
 473		0               0               [0.97]
 474		0               1               [0.97]
 475		0               1               [0.94]
 476		0               0               [0.91]
 477		0               1               [0.94]
 478		0               1               [0.94]
 479		0               0               [0.88]
 480		0               1               [0.89]
 481		0               0               [0.97]
 482		0               0               [0.91]
 483		0               1               [0.97]
 484		0               0               [0.91]
 485		0               0               [0.91]
 486		0               0               [0.77]
 487		0               0               [0.96]
 488		0               0               [0.97]
 489		0               0               [0.93]
 490		0               0               [0.97]
 491		0               0               [0.97]
 492		0               0               [0.79]
 493		0               0               [0.95]
 494		0               0               [0.95]
 495		0               0               [0.90]
 496		0               0               [0.97]
 497		0               0               [0.88]
 498		0               0               [0.95]
 499		0               0               [0.80]
 500		0               1               [0.76]
 501		0               0               [0.97]
 502		0               0               [0.91]
 503		0               0               [0.93]
 504		0               1               [0.94]
 505		0               0               [0.98]
 506		0               0               [0.97]
 507		0               0               [0.97]
 508		0               0               [0.98]
 509		0               0               [0.91]
 510		0               0               [0.86]
 511		0               0               [0.91]
 512		0               0               [0.91]
 513		0               1               [0.92]
 514		0               0               [0.80]
 515		0               0               [0.91]
 516		0               0               [0.96]
 517		0               1               [0.94]
 518		0               0               [0.85]
 519		0               0               [0.91]
 520		0               0               [0.95]
 521		0               0               [0.94]
 522		0               1               [0.97]
 523		0               0               [0.98]
 524		0               1               [0.93]
 525		0               1               [0.94]
 526		0               0               [0.97]
 527		0               0               [0.97]
 528		0               0               [0.96]
 529		0               0               [0.95]
 530		0               0               [0.80]
 531		0               0               [0.80]
 532		0               0               [0.80]
 533		0               0               [0.91]
 534		0               0               [0.91]
 535		0               1               [0.76]
 536		0               0               [0.89]
 537		0               0               [0.97]
 538		0               0               [0.95]
 539		0               0               [0.96]
 540		0               0               [0.96]
 541		0               0               [0.96]
 542		0               1               [0.97]
 543		0               1               [0.93]
 544		0               1               [0.90]
 545		0               1               [0.84]
 546		0               0               [0.77]
 547		0               0               [0.98]
 548		0               0               [0.94]
 549		0               0               [0.89]
 550		0               1               [0.93]
 551		0               0               [0.97]
 552		0               0               [0.94]
 553		0               0               [0.80]
 554		0               0               [0.94]
 555		0               1               [0.94]
 556		0               0               [0.97]
 557		0               0               [0.96]
 558		0               0               [0.80]
 559		0               0               [0.96]
 560		0               0               [0.98]
 561		0               1               [0.93]
 562		0               1               [0.87]
 563		0               0               [0.91]
 564		0               0               [0.91]
 565		0               0               [0.97]
 566		0               0               [0.96]
 567		0               0               [0.96]
 568		0               1               [0.94]
 569		0               0               [0.97]
 570		0               0               [0.97]
 571		0               1               [0.98]
 572		0               0               [0.97]
 573		0               0               [0.95]
 574		0               0               [0.97]
 575		0               0               [0.95]
 576		0               1               [0.85]
 577		0               0               [0.91]
 578		0               0               [0.97]
 579		0               1               [0.71]
 580		0               0               [0.79]
 581		0               0               [0.97]
 582		0               0               [0.94]
 583		0               1               [0.94]
 584		0               0               [0.94]
 585		0               1               [0.90]
 586		0               0               [0.96]
 587		0               1               [0.76]
 588		0               0               [0.96]
 589		0               0               [0.77]
 590		0               0               [0.96]
 591		0               0               [0.80]
 592		0               0               [0.86]
 593		0               0               [0.97]
 594		0               1               [0.84]
 595		0               0               [0.96]
 596		0               1               [0.94]
 597		0               0               [0.93]
 598		0               1               [0.94]
 599		0               0               [0.95]
 600		0               0               [0.91]
 601		0               0               [0.91]
 602		0               1               [1.00]
 603		0               0               [0.96]
 604		0               1               [0.91]
 605		0               1               [0.90]
 606		0               0               [0.92]
 607		0               0               [0.94]
 608		0               0               [0.90]
 609		0               0               [0.91]
 610		0               0               [0.93]
 611		0               0               [0.97]
 612		0               0               [0.95]
 613		0               0               [0.96]
 614		0               1               [0.84]
 615		0               0               [0.90]
 616		0               0               [0.77]
 617		0               0               [0.96]
 618		0               1               [0.94]
 619		0               0               [0.89]
 620		0               1               [0.97]
 621		0               0               [0.77]
 622		0               1               [0.97]
 623		0               0               [0.91]
 624		0               0               [0.87]
 625		0               0               [0.93]
 626		0               0               [0.91]
 627		0               1               [0.76]
 628		0               1               [0.76]
 629		0               0               [0.93]
 630		0               0               [0.91]
 631		0               0               [0.97]
 632		0               0               [0.97]
 633		0               0               [0.79]
 634		0               0               [0.86]
 635		0               0               [0.95]
 636		0               0               [0.97]
 637		0               0               [0.95]
 638		0               1               [0.93]
 639		0               0               [0.90]
 640		0               1               [0.84]
 641		0               0               [0.79]
 642		0               0               [0.94]
 643		0               0               [0.91]
 644		0               0               [0.97]
 645		0               1               [0.76]
 646		0               0               [0.95]
 647		0               0               [0.97]
 648		0               0               [0.98]
 649		0               0               [0.95]
 650		0               0               [0.96]
 651		0               1               [0.97]
 652		0               0               [0.89]
 653		0               1               [0.94]
 654		0               1               [0.97]
 655		0               0               [0.97]
 656		0               0               [0.90]
 657		0               0               [0.94]
 658		0               1               [0.94]
 659		0               0               [0.94]
 660		0               1               [0.88]
 661		0               0               [0.94]
 662		0               0               [0.94]
 663		0               1               [0.76]
 664		0               0               [0.96]
 665		0               0               [0.91]
 666		0               0               [0.93]
 667		0               0               [0.94]
 668		0               0               [0.97]
 669		0               1               [0.95]
 670		0               0               [0.80]
 671		0               0               [0.94]
 672		0               1               [0.91]
 673		0               1               [0.94]
 674		0               0               [0.94]
 675		0               0               [0.94]
 676		0               0               [0.90]
 677		0               1               [0.84]
 678		0               0               [0.94]
 679		0               0               [0.94]
 680		0               0               [0.97]
 681		0               1               [0.85]
 682		0               0               [0.97]
 683		0               0               [0.97]
 684		0               0               [0.94]
 685		0               0               [0.97]
 686		0               1               [0.76]
 687		0               1               [0.94]
 688		0               0               [0.97]
 689		0               0               [0.97]
 690		0               0               [0.94]
 691		0               0               [0.94]
 692		0               0               [0.97]
 693		0               0               [0.90]
 694		0               0               [0.94]
 695		0               1               [0.91]
 696		0               0               [0.94]
 697		0               0               [0.94]
 698		0               0               [0.97]
 699		0               1               [0.91]
 700		0               0               [0.89]
 701		0               1               [0.85]
 702		0               0               [0.97]
 703		0               0               [0.94]
 704		0               0               [0.95]
 705		0               0               [0.95]
 706		0               1               [0.93]
 707		0               0               [0.91]
 708		0               1               [0.71]
 709		0               0               [0.91]
 710		0               0               [0.97]
 711		0               1               [0.76]
 712		0               0               [0.95]
 713		0               0               [0.93]
 714		0               1               [0.76]
 715		0               0               [0.93]
 716		0               0               [0.91]
 717		0               0               [0.98]
 718		0               0               [0.97]
 719		0               0               [0.93]
 720		0               0               [0.94]
 721		0               1               [0.94]
 722		0               0               [0.94]
 723		0               0               [0.94]
 724		0               0               [0.98]
 725		0               0               [0.93]
 726		0               1               [0.93]
 727		0               0               [0.80]
 728		0               0               [0.91]
 729		0               0               [0.80]
 730		0               1               [0.84]
 731		0               0               [0.80]
 732		0               0               [0.91]
 733		0               0               [0.97]
 734		0               0               [0.94]
 735		0               1               [0.97]
 736		0               0               [0.97]
 737		0               0               [0.88]
 738		0               1               [0.76]
 739		0               0               [0.94]
 740		0               0               [0.94]
 741		0               1               [0.94]
 742		0               0               [0.94]
 743		0               0               [0.97]
 744		0               0               [0.94]
 745		0               0               [0.94]
 746		0               0               [0.97]
 747		0               1               [0.76]
 748		0               0               [0.97]
 749		0               1               [0.76]
 750		0               0               [0.90]
 751		0               0               [0.95]
 752		0               1               [0.84]
 753		0               0               [0.80]
 754		0               0               [0.90]
 755		0               1               [0.94]
 756		0               1               [0.76]
 757		0               0               [0.97]
 758		0               0               [0.91]
 759		0               1               [0.94]
 760		0               0               [0.94]
 761		0               0               [0.91]
 762		0               1               [0.76]
 763		0               0               [0.97]
 764		0               1               [0.94]
 765		0               0               [0.89]
 766		0               1               [0.94]
 767		0               0               [0.97]
 768		0               0               [0.94]
 769		0               0               [0.97]
 770		0               0               [0.94]
 771		0               0               [0.90]
 772		0               1               [0.93]
 773		0               0               [0.97]
 774		0               0               [0.97]
 775		0               0               [0.95]
 776		0               0               [0.97]
 777		0               1               [0.94]
 778		0               0               [0.97]
 779		0               1               [0.94]
 780		0               0               [0.98]
 781		0               0               [0.97]
 782		0               0               [0.85]
 783		0               0               [0.98]
 784		0               0               [0.91]
 785		0               0               [0.94]
 786		0               0               [0.94]
 787		0               0               [0.98]
 788		0               0               [0.90]
 789		0               1               [0.84]
 790		0               0               [0.94]
 791		0               0               [0.94]
 792		0               0               [0.96]
 793		0               0               [0.93]
 794		0               0               [0.97]
 795		0               0               [0.94]
 796		0               0               [0.86]
 797		0               0               [0.97]
 798		0               1               [0.76]
 799		0               0               [0.94]
 800		0               0               [0.97]
 801		0               1               [0.85]
 802		0               0               [0.94]
 803		0               0               [0.97]
 804		0               0               [0.91]
 805		0               0               [0.94]
 806		0               0               [0.97]
 807		0               0               [0.96]
 808		0               0               [0.91]
 809		0               1               [0.99]
 810		0               0               [0.87]
 811		0               0               [0.91]
 812		0               1               [0.91]
 813		0               0               [0.97]
 814		0               0               [0.80]
 815		0               0               [0.97]
 816		0               1               [0.87]
 817		0               0               [0.94]
 818		0               0               [0.93]
 819		0               0               [0.97]
 820		0               1               [0.89]
 821		0               1               [0.84]
 822		0               1               [0.94]
 823		0               0               [0.94]
 824		0               0               [0.91]
 825		0               0               [0.97]
 826		0               0               [0.97]
 827		0               0               [0.97]
 828		0               0               [0.89]
 829		0               0               [0.95]
 830		0               0               [0.85]
 831		0               0               [0.97]
 832		0               0               [0.80]
 833		0               0               [0.93]
 834		0               0               [0.96]
 835		0               0               [0.97]
 836		0               0               [0.95]
 837		0               1               [0.71]
 838		0               0               [0.94]
 839		0               0               [0.97]
 840		0               0               [0.95]
 841		0               0               [0.93]
 842		0               0               [0.92]
 843		0               0               [0.86]
 844		0               0               [0.94]
 845		0               0               [0.97]
 846		0               0               [0.89]
 847		0               0               [0.97]
 848		0               0               [0.80]
 849		0               1               [0.94]
 850		0               0               [0.95]
 851		0               0               [0.96]
 852		0               1               [0.97]
 853		0               0               [0.97]
 854		0               0               [0.91]
 855		0               1               [0.94]
 856		0               0               [0.95]
 857		0               0               [0.97]
 858		0               0               [0.93]
 859		0               0               [0.97]
 860		0               0               [0.97]
 861		0               0               [0.89]
 862		0               0               [0.94]
 863		0               0               [0.93]
 864		0               0               [0.97]
 865		0               1               [0.91]
 866		0               1               [0.93]
 867		0               1               [0.94]
 868		0               0               [0.97]
 869		0               0               [0.87]
 870		0               0               [0.97]
 871		0               0               [0.98]
 872		0               1               [0.84]
 873		0               0               [0.94]
 874		0               0               [0.97]
 875		0               0               [0.79]
 876		0               1               [0.97]
 877		0               0               [0.87]
 878		0               0               [0.94]
 879		0               0               [0.93]
 880		0               0               [0.94]
 881		0               1               [0.84]
 882		0               0               [0.94]
 883		0               0               [0.95]
 884		0               0               [0.97]
 885		0               1               [0.97]
 886		0               1               [0.90]
 887		0               0               [0.91]
 888		0               1               [0.89]
 889		0               0               [0.90]
 890		0               0               [0.97]
 891		0               0               [0.97]
 892		0               0               [0.97]
 893		0               0               [0.94]
 894		0               0               [0.90]
 895		0               1               [0.93]
 896		0               0               [0.94]
 897		0               0               [0.97]
 898		0               1               [0.95]
 899		0               0               [0.97]
 900		0               1               [0.84]
 901		0               0               [0.97]
 902		0               0               [0.97]
 903		0               0               [0.97]
 904		0               0               [0.91]
 905		0               0               [0.90]
 906		0               0               [0.94]
 907		0               0               [0.97]
 908		0               1               [0.94]
 909		0               0               [0.94]
 910		0               0               [0.94]
 911		0               0               [0.94]
 912		0               1               [0.76]
 913		0               0               [0.98]
 914		0               1               [0.94]
 915		0               0               [0.97]
 916		0               0               [0.97]
 917		0               0               [0.95]
 918		0               0               [0.97]
 919		0               0               [0.97]
 920		0               0               [0.90]
 921		0               1               [0.94]
 922		0               0               [0.91]
 923		0               0               [0.94]
 924		0               0               [0.85]
 925		0               0               [0.92]
 926		0               0               [0.96]
 927		0               0               [0.97]
 928		0               1               [0.76]
 929		0               0               [0.97]
 930		0               0               [0.91]
 931		0               0               [0.82]
 932		0               0               [0.90]
 933		0               0               [0.94]
 934		0               1               [0.94]
 935		0               1               [0.94]
 936		0               0               [0.97]
 937		0               0               [0.97]
 938		0               0               [0.97]
 939		0               0               [0.94]
 940		0               0               [0.90]
 941		0               0               [0.97]
 942		0               1               [0.76]
 943		0               0               [0.80]
 944		0               0               [0.91]
 945		0               0               [0.97]
 946		0               0               [0.94]
 947		0               0               [0.90]
 948		0               0               [0.94]
 949		0               0               [0.80]
 950		0               0               [0.96]
 951		0               1               [0.94]
 952		0               1               [0.76]
 953		0               1               [0.94]
 954		0               1               [0.90]
 955		0               0               [0.97]
 956		0               0               [0.91]
 957		0               0               [0.94]
 958		0               1               [0.95]
 959		0               0               [0.97]
 960		0               1               [0.97]
 961		0               0               [0.94]
 962		0               0               [0.97]
 963		0               0               [0.91]
 964		0               1               [0.84]
 965		0               0               [0.91]
 966		0               0               [0.95]
 967		0               0               [0.91]
 968		0               1               [0.76]
 969		0               0               [0.86]
 970		0               0               [0.86]
 971		0               0               [0.80]
 972		0               0               [0.97]
 973		0               1               [0.76]
 974		0               0               [0.97]
 975		0               0               [0.98]
 976		0               1               [0.94]
 977		0               0               [0.94]
 978		0               0               [0.97]
 979		0               0               [0.97]
 980		0               0               [0.80]
 981		0               0               [0.95]
 982		0               0               [0.94]
 983		0               0               [0.94]
 984		0               0               [0.97]
 985		0               0               [0.89]
 986		0               0               [0.91]
 987		0               0               [0.97]
 988		0               0               [0.93]
 989		0               0               [0.94]
 990		0               0               [0.96]
 991		0               1               [0.84]
 992		0               1               [0.84]
 993		0               0               [0.94]
 994		0               0               [0.96]
 995		0               1               [0.76]
 996		0               0               [0.94]
 997		0               0               [0.97]
 998		0               1               [0.88]
 999		0               0               [0.97]
1000		0               0               [0.96]
1001		0               0               [0.93]
1002		0               0               [0.80]
1003		0               0               [0.94]
1004		0               0               [0.80]
1005		0               0               [0.97]
1006		0               0               [0.97]
1007		0               1               [0.93]
1008		0               0               [0.97]
1009		0               1               [0.90]
1010		0               1               [0.76]
1011		0               0               [0.97]
1012		0               0               [0.94]
1013		0               1               [0.84]
1014		0               0               [0.80]
1015		0               0               [0.86]
1016		0               1               [0.94]
1017		0               0               [0.94]
1018		0               1               [0.94]
1019		0               1               [0.94]
1020		0               0               [0.93]
1021		0               0               [0.91]
1022		0               0               [0.97]
1023		0               1               [0.90]
1024		0               0               [0.95]
1025		0               0               [0.94]
1026		0               0               [0.94]
1027		0               0               [0.89]
1028		0               1               [0.84]
1029		0               0               [0.94]
1030		0               1               [0.76]
1031		0               0               [0.91]
1032		0               1               [0.85]
1033		0               0               [0.94]
1034		0               0               [0.93]
1035		0               0               [0.94]
1036		0               0               [0.95]
1037		0               0               [0.97]
1038		0               0               [0.94]
1039		0               0               [0.94]
1040		0               0               [0.97]
1041		0               0               [0.94]
1042		0               0               [0.94]
1043		0               1               [0.94]
1044		0               0               [0.85]
1045		0               0               [0.94]
1046		0               0               [0.94]
1047		0               0               [0.96]
1048		0               0               [0.94]
1049		0               0               [0.97]
1050		0               0               [0.97]
1051		0               0               [0.94]
1052		0               0               [0.94]
1053		0               0               [0.97]
1054		0               0               [0.94]
1055		0               0               [0.97]
1056		0               0               [0.97]
1057		0               1               [0.97]
1058		0               0               [0.91]
1059		0               0               [0.86]
1060		0               0               [0.97]
1061		0               1               [0.89]
1062		0               0               [0.86]
1063		0               0               [0.97]
1064		0               1               [0.84]
1065		0               0               [0.91]
1066		0               0               [0.79]
1067		0               0               [0.90]
1068		0               0               [0.96]
1069		0               1               [0.76]
1070		0               1               [0.94]
1071		0               0               [0.95]
1072		0               1               [0.94]
1073		0               0               [0.95]
1074		0               0               [0.97]
1075		0               0               [0.94]
1076		0               1               [1.00]
1077		0               0               [0.93]
1078		0               0               [0.79]
1079		0               0               [0.97]
1080		0               0               [0.97]
1081		0               1               [0.97]
1082		0               0               [0.80]
1083		0               0               [0.94]
1084		0               0               [0.94]
1085		0               0               [0.97]
1086		0               0               [0.97]
1087		0               0               [0.80]
1088		0               0               [0.96]
1089		0               0               [0.91]
1090		0               0               [0.94]
1091		0               0               [0.96]
1092		0               0               [0.97]
1093		0               0               [0.87]
1094		0               0               [0.98]
1095		0               0               [0.94]
1096		0               0               [0.97]
1097		0               1               [0.97]
1098		0               1               [0.87]
1099		0               0               [0.94]
1100		0               0               [0.94]
1101		0               0               [0.94]
1102		0               0               [0.97]
1103		0               0               [0.91]
1104		0               0               [0.95]
1105		0               0               [0.94]
1106		0               0               [0.94]
1107		0               0               [0.94]
1108		0               0               [0.95]
1109		0               0               [0.91]
1110		0               0               [0.94]
1111		0               1               [0.84]
1112		0               0               [0.97]
1113		0               0               [0.94]
1114		0               0               [0.97]
1115		0               0               [0.94]
1116		0               1               [0.93]
1117		0               0               [0.97]
1118		0               0               [0.94]
1119		0               0               [0.93]
1120		0               0               [0.93]
1121		0               0               [0.89]
1122		0               0               [0.97]
1123		0               0               [0.97]
1124		0               0               [0.94]
1125		0               0               [0.94]
1126		0               0               [0.94]
1127		0               0               [0.97]
1128		0               0               [0.94]
1129		0               0               [0.97]
1130		0               1               [0.97]
1131		0               1               [0.97]
1132		0               0               [0.95]
1133		0               0               [0.97]
1134		0               1               [0.76]
1135		0               0               [0.95]
1136		0               0               [0.94]
1137		0               0               [0.94]
1138		0               0               [0.93]
1139		0               0               [0.90]
1140		0               0               [0.79]
1141		0               0               [0.89]
1142		0               0               [0.94]
1143		0               1               [0.84]
1144		0               0               [0.93]
1145		0               0               [0.94]
1146		0               0               [0.94]
1147		0               0               [0.94]
1148		0               0               [0.91]
1149		0               0               [0.97]
1150		0               0               [0.80]
1151		0               0               [0.94]
1152		0               0               [0.97]
1153		0               0               [0.97]
1154		0               0               [0.97]
1155		0               0               [0.98]
1156		0               0               [0.97]
1157		0               0               [0.96]
1158		0               0               [0.93]
1159		0               0               [0.97]
1160		0               0               [0.93]
1161		0               1               [0.85]
1162		0               0               [0.91]
1163		0               0               [0.92]
1164		0               0               [0.97]
1165		0               1               [0.94]
1166		0               0               [0.94]
1167		0               1               [0.94]
1168		0               0               [0.97]
1169		0               0               [0.96]
1170		0               0               [0.95]
1171		0               0               [0.93]
1172		0               1               [0.88]
1173		0               0               [0.94]
1174		0               0               [0.90]
1175		0               0               [0.98]
1176		0               1               [0.94]
1177		0               1               [0.84]
1178		0               1               [0.93]
1179		0               0               [0.80]
1180		0               1               [0.84]
1181		0               0               [0.94]
1182		0               0               [0.96]
1183		0               0               [0.95]
1184		0               0               [0.97]
1185		0               0               [0.97]
1186		0               1               [0.97]
1187		0               0               [0.93]
1188		0               0               [0.94]
1189		0               1               [0.87]
1190		0               0               [0.97]
1191		0               0               [0.97]
1192		0               0               [0.97]
1193		0               0               [0.97]
1194		0               0               [0.97]
1195		0               0               [0.97]
1196		0               0               [0.79]
1197		0               0               [0.94]
1198		0               0               [0.89]
1199		0               1               [0.84]
1200		0               0               [0.97]
1201		0               1               [0.97]
1202		0               0               [0.94]
1203		0               0               [0.97]
1204		0               0               [0.91]
1205		0               0               [0.97]
1206		0               0               [0.97]
1207		0               0               [0.96]
1208		0               1               [0.89]
1209		0               1               [0.97]
1210		0               0               [0.96]
1211		0               0               [0.96]
1212		0               0               [0.94]
1213		0               1               [0.76]
1214		0               0               [0.95]
1215		0               0               [0.93]
1216		0               1               [0.94]
1217		0               0               [0.94]
1218		0               0               [0.91]
1219		0               1               [0.94]
1220		0               0               [0.97]
1221		0               0               [0.80]
1222		0               0               [0.98]
1223		0               1               [0.84]
1224		0               1               [0.84]
1225		0               1               [0.94]
1226		0               1               [0.94]
1227		0               0               [0.96]
1228		0               0               [0.97]
1229		0               0               [0.98]
1230		0               0               [0.94]
1231		0               0               [0.93]
1232		0               0               [0.94]
1233		0               0               [0.95]
1234		0               0               [0.97]
1235		0               0               [0.98]
1236		0               0               [0.79]
1237		0               1               [0.94]
1238		0               0               [0.95]
1239		0               0               [0.96]
1240		0               0               [0.91]
1241		0               0               [0.93]
1242		0               0               [0.77]
1243		0               1               [0.93]
1244		0               0               [0.80]
1245		0               0               [0.94]
1246		0               0               [0.97]
