Case		Given		Predicted
 No		Class		Class

   1		1               1               [0.98]
   2		1               1               [0.88]
   3		1               1               [0.96]
   4		1               1               [0.81]
   5		1               1               [0.96]
   6		1               0               [0.89]
   7		1               1               [0.98]
   8		1               1               [0.99]
   9		1               1               [0.93]
  10		1               1               [0.92]
  11		1               1               [0.96]
  12		1               1               [0.85]
  13		1               0               [0.99]
  14		1               1               [0.92]
  15		1               0               [0.99]
  16		1               1               [0.90]
  17		1               1               [0.96]
  18		1               1               [0.98]
  19		1               0               [0.95]
  20		1               1               [0.99]
  21		1               0               [0.89]
  22		1               0               [0.96]
  23		1               0               [0.99]
  24		1               1               [0.99]
  25		1               0               [0.99]
  26		1               1               [0.99]
  27		1               1               [0.97]
  28		1               1               [0.67]
  29		1               1               [0.98]
  30		1               0               [0.97]
  31		1               1               [0.99]
  32		1               1               [0.96]
  33		1               1               [0.99]
  34		1               0               [0.99]
  35		1               1               [0.97]
  36		1               1               [0.85]
  37		1               1               [0.85]
  38		1               1               [0.99]
  39		1               0               [0.86]
  40		1               1               [0.91]
  41		1               0               [0.98]
  42		1               0               [0.96]
  43		1               1               [0.98]
  44		1               1               [0.90]
  45		1               1               [0.90]
  46		1               1               [0.96]
  47		1               1               [0.84]
  48		1               1               [0.98]
  49		1               1               [0.97]
  50		1               0               [0.95]
  51		1               1               [0.85]
  52		1               1               [0.96]
  53		1               0               [0.98]
  54		1               1               [0.97]
  55		1               1               [0.96]
  56		1               1               [0.94]
  57		1               1               [0.98]
  58		1               1               [0.97]
  59		1               1               [0.99]
  60		1               1               [0.98]
  61		1               1               [0.94]
  62		1               1               [0.99]
  63		1               1               [0.81]
  64		1               1               [0.96]
  65		1               1               [0.98]
  66		1               1               [0.98]
  67		1               1               [0.85]
  68		1               1               [0.90]
  69		1               1               [0.81]
  70		1               1               [0.99]
  71		1               1               [0.98]
  72		1               0               [0.94]
  73		1               1               [0.98]
  74		1               0               [0.99]
  75		1               1               [0.92]
  76		1               0               [0.99]
  77		1               1               [0.96]
  78		1               0               [0.95]
  79		1               1               [0.99]
  80		1               0               [1.00]
  81		1               0               [0.99]
  82		1               1               [0.91]
  83		1               1               [0.92]
  84		1               1               [0.67]
  85		1               1               [0.96]
  86		1               1               [0.92]
  87		1               1               [0.92]
  88		1               0               [0.99]
  89		1               1               [0.92]
  90		1               1               [0.96]
  91		1               1               [0.96]
  92		1               1               [0.90]
  93		1               0               [0.93]
  94		1               0               [0.86]
  95		1               1               [0.90]
  96		1               0               [0.93]
  97		1               1               [0.99]
  98		1               1               [0.95]
  99		1               1               [0.95]
 100		1               0               [0.78]
 101		1               0               [0.85]
 102		1               1               [0.96]
 103		1               1               [0.93]
 104		1               1               [0.90]
 105		1               0               [0.91]
 106		1               1               [0.97]
 107		1               0               [0.95]
 108		1               1               [0.96]
 109		1               1               [0.81]
 110		1               1               [0.84]
 111		1               1               [0.84]
 112		1               1               [0.95]
 113		1               0               [0.97]
 114		1               0               [0.93]
 115		1               1               [0.96]
 116		1               1               [0.94]
 117		1               1               [0.95]
 118		1               1               [0.96]
 119		1               1               [0.93]
 120		1               1               [0.95]
 121		1               1               [0.90]
 122		1               1               [0.84]
 123		1               1               [0.98]
 124		1               1               [0.99]
 125		1               1               [0.84]
 126		1               1               [0.96]
 127		1               0               [0.99]
 128		1               0               [0.89]
 129		1               0               [0.97]
 130		1               1               [0.90]
 131		1               1               [0.95]
 132		1               1               [0.84]
 133		1               1               [0.92]
 134		1               0               [0.97]
 135		1               0               [1.00]
 136		1               0               [0.97]
 137		1               1               [0.90]
 138		1               1               [0.99]
 139		1               1               [0.90]
 140		1               1               [0.84]
 141		1               1               [0.90]
 142		1               1               [0.96]
 143		1               1               [0.96]
 144		1               1               [0.96]
 145		1               1               [0.95]
 146		1               0               [0.93]
 147		1               1               [0.98]
 148		1               1               [0.98]
 149		1               1               [0.95]
 150		1               1               [0.92]
 151		1               1               [0.96]
 152		1               0               [0.89]
 153		1               1               [0.96]
 154		1               1               [0.96]
 155		1               1               [0.96]
 156		1               0               [0.97]
 157		1               1               [0.96]
 158		1               1               [0.82]
 159		1               1               [0.96]
 160		1               1               [0.96]
 161		1               1               [0.96]
 162		1               1               [0.96]
 163		1               1               [0.96]
 164		1               1               [0.96]
 165		1               1               [0.95]
 166		1               1               [0.98]
 167		1               0               [0.98]
 168		1               1               [0.90]
 169		1               1               [0.98]
 170		1               1               [0.94]
 171		1               1               [0.99]
 172		1               1               [0.91]
 173		1               1               [0.99]
 174		1               1               [0.90]
 175		1               1               [0.95]
 176		1               1               [0.96]
 177		1               1               [0.97]
 178		1               1               [0.92]
 179		1               1               [0.92]
 180		1               1               [0.84]
 181		1               1               [0.84]
 182		1               1               [0.96]
 183		1               1               [0.84]
 184		1               0               [0.87]
 185		1               1               [0.99]
 186		1               1               [0.90]
 187		1               1               [0.96]
 188		1               1               [0.90]
 189		1               0               [0.89]
 190		1               1               [0.84]
 191		1               1               [0.96]
 192		1               1               [0.96]
 193		1               0               [0.71]
 194		1               1               [0.97]
 195		1               1               [0.96]
 196		1               1               [0.97]
 197		1               1               [0.96]
 198		1               1               [0.98]
 199		1               1               [0.95]
 200		1               1               [0.84]
 201		1               0               [0.78]
 202		1               0               [0.96]
 203		1               1               [0.90]
 204		1               1               [0.90]
 205		1               1               [0.96]
 206		1               1               [0.92]
 207		1               1               [0.84]
 208		1               1               [0.98]
 209		1               0               [0.99]
 210		1               1               [0.98]
 211		1               0               [0.99]
 212		1               1               [0.90]
 213		1               1               [0.85]
 214		1               1               [0.98]
 215		1               1               [0.96]
 216		1               1               [0.82]
 217		1               0               [0.96]
 218		1               0               [0.91]
 219		1               1               [0.98]
 220		1               1               [0.98]
 221		1               1               [0.92]
 222		1               1               [0.97]
 223		1               1               [0.84]
 224		1               0               [0.98]
 225		1               0               [0.91]
 226		1               1               [0.67]
 227		1               0               [0.89]
 228		1               1               [0.96]
 229		1               1               [0.91]
 230		1               1               [0.98]
 231		1               1               [0.84]
 232		1               0               [0.99]
 233		1               1               [0.98]
 234		1               1               [0.85]
 235		1               1               [0.91]
 236		1               1               [0.98]
 237		1               1               [0.90]
 238		1               1               [0.93]
 239		1               1               [0.91]
 240		1               1               [0.92]
 241		1               1               [0.96]
 242		1               1               [0.92]
 243		1               0               [0.93]
 244		1               1               [0.81]
 245		1               1               [0.84]
 246		1               1               [0.97]
 247		1               1               [0.98]
 248		1               1               [0.85]
 249		1               1               [0.96]
 250		1               1               [0.92]
 251		1               1               [0.98]
 252		1               1               [0.67]
 253		1               1               [0.92]
 254		1               1               [0.98]
 255		1               1               [0.96]
 256		1               1               [0.96]
 257		1               1               [0.84]
 258		1               0               [0.93]
 259		1               1               [0.93]
 260		1               1               [0.96]
 261		1               0               [0.99]
 262		1               0               [0.71]
 263		1               1               [0.84]
 264		1               1               [0.98]
 265		1               1               [0.94]
 266		1               1               [0.96]
 267		1               1               [0.97]
 268		1               1               [0.96]
 269		1               0               [0.85]
 270		1               1               [0.91]
 271		1               1               [0.98]
 272		1               1               [0.98]
 273		1               1               [0.91]
 274		1               0               [0.86]
 275		1               0               [0.99]
 276		1               1               [0.92]
 277		1               1               [0.98]
 278		1               1               [0.81]
 279		1               1               [0.96]
 280		1               0               [0.97]
 281		1               1               [0.98]
 282		1               1               [0.98]
 283		1               1               [0.98]
 284		1               1               [0.90]
 285		1               1               [0.92]
 286		1               0               [0.93]
 287		1               0               [0.85]
 288		1               0               [0.99]
 289		1               0               [0.93]
 290		1               1               [0.96]
 291		1               1               [0.90]
 292		1               1               [0.91]
 293		1               0               [0.99]
 294		1               0               [0.91]
 295		1               0               [0.98]
 296		1               1               [0.95]
 297		1               1               [0.92]
 298		1               1               [0.84]
 299		1               0               [0.93]
 300		1               1               [0.98]
 301		1               1               [0.90]
 302		1               1               [0.67]
 303		1               1               [0.96]
 304		1               1               [0.98]
 305		1               0               [0.93]
 306		1               1               [0.98]
 307		1               0               [0.98]
 308		1               1               [0.90]
 309		1               0               [0.97]
 310		1               1               [0.98]
 311		1               0               [0.93]
 312		1               0               [0.99]
 313		1               1               [0.96]
 314		1               1               [0.98]
 315		1               1               [0.95]
 316		1               1               [0.96]
 317		1               1               [0.98]
 318		1               1               [0.96]
 319		1               1               [0.96]
 320		1               0               [0.80]
 321		1               1               [0.98]
 322		1               0               [0.99]
 323		1               1               [0.98]
 324		1               0               [0.99]
 325		1               1               [0.98]
 326		1               1               [0.96]
 327		1               1               [0.84]
 328		1               1               [0.90]
 329		1               0               [0.95]
 330		1               1               [0.90]
 331		1               0               [0.98]
 332		1               0               [0.96]
 333		1               0               [0.98]
 334		1               1               [0.95]
 335		1               1               [0.96]
 336		1               1               [0.96]
 337		1               1               [0.96]
 338		1               0               [0.97]
 339		1               1               [0.92]
 340		1               1               [0.92]
 341		1               1               [0.93]
 342		1               1               [0.98]
 343		1               0               [0.95]
 344		1               1               [0.96]
 345		1               0               [0.89]
 346		1               1               [0.96]
 347		1               0               [0.96]
 348		1               1               [0.99]
 349		1               0               [0.85]
 350		1               1               [0.90]
 351		1               1               [0.95]
 352		1               1               [0.90]
 353		1               0               [0.71]
 354		1               0               [0.93]
 355		1               0               [0.93]
 356		0               0               [0.95]
 357		0               0               [0.98]
 358		0               1               [0.91]
 359		0               0               [0.95]
 360		0               0               [0.80]
 361		0               0               [0.99]
 362		0               1               [0.97]
 363		0               0               [0.99]
 364		0               1               [0.93]
 365		0               0               [0.99]
 366		0               0               [0.99]
 367		0               0               [0.99]
 368		0               0               [0.99]
 369		0               0               [0.99]
 370		0               0               [0.97]
 371		0               0               [0.99]
 372		0               0               [0.99]
 373		0               0               [0.99]
 374		0               0               [0.95]
 375		0               0               [0.98]
 376		0               0               [0.96]
 377		0               0               [0.98]
 378		0               0               [0.96]
 379		0               0               [0.99]
 380		0               1               [0.98]
 381		0               0               [0.96]
 382		0               0               [0.89]
 383		0               0               [0.97]
 384		0               0               [0.99]
 385		0               0               [0.96]
 386		0               0               [0.99]
 387		0               1               [0.94]
 388		0               0               [0.97]
 389		0               1               [0.97]
 390		0               1               [0.86]
 391		0               1               [0.85]
 392		0               0               [0.98]
 393		0               0               [0.91]
 394		0               0               [0.99]
 395		0               0               [0.98]
 396		0               0               [0.99]
 397		0               0               [0.99]
 398		0               0               [0.99]
 399		0               0               [0.99]
 400		0               1               [0.84]
 401		0               0               [1.00]
 402		0               1               [0.94]
 403		0               0               [0.96]
 404		0               0               [0.99]
 405		0               0               [0.99]
 406		0               0               [0.71]
 407		0               0               [0.99]
 408		0               0               [0.97]
 409		0               0               [0.99]
 410		0               0               [0.99]
 411		0               0               [0.99]
 412		0               1               [0.96]
 413		0               0               [0.95]
 414		0               0               [0.99]
 415		0               0               [0.91]
 416		0               1               [0.91]
 417		0               0               [0.99]
 418		0               0               [0.99]
 419		0               1               [0.86]
 420		0               0               [0.94]
 421		0               0               [0.97]
 422		0               0               [0.99]
 423		0               1               [0.95]
 424		0               0               [0.97]
 425		0               0               [0.96]
 426		0               0               [0.96]
 427		0               1               [0.96]
 428		0               0               [0.91]
 429		0               0               [0.97]
 430		0               0               [0.99]
 431		0               0               [0.96]
 432		0               0               [0.97]
 433		0               0               [0.95]
 434		0               0               [0.99]
 435		0               0               [0.97]
 436		0               0               [0.99]
 437		0               1               [0.97]
 438		0               0               [0.99]
 439		0               0               [0.99]
 440		0               0               [0.99]
 441		0               0               [0.90]
 442		0               0               [0.97]
 443		0               0               [0.99]
 444		0               0               [0.96]
 445		0               0               [0.99]
 446		0               1               [0.85]
 447		0               0               [0.98]
 448		0               0               [0.99]
 449		0               0               [0.80]
 450		0               0               [0.99]
 451		0               0               [0.93]
 452		0               0               [0.99]
 453		0               1               [0.90]
 454		0               0               [0.99]
 455		0               0               [0.99]
 456		0               1               [0.97]
 457		0               0               [0.99]
 458		0               0               [0.99]
 459		0               0               [0.98]
 460		0               0               [0.96]
 461		0               0               [0.99]
 462		0               0               [0.98]
 463		0               0               [0.71]
 464		0               0               [0.99]
 465		0               0               [0.95]
 466		0               0               [0.99]
 467		0               0               [0.99]
 468		0               0               [0.99]
 469		0               1               [0.94]
 470		0               0               [0.96]
 471		0               0               [0.96]
 472		0               0               [0.91]
 473		0               0               [0.91]
 474		0               0               [0.99]
 475		0               0               [0.99]
 476		0               1               [0.94]
 477		0               1               [0.98]
 478		0               0               [0.86]
 479		0               0               [0.71]
 480		0               0               [0.89]
 481		0               1               [0.81]
 482		0               0               [0.99]
 483		0               0               [0.99]
 484		0               0               [0.99]
 485		0               1               [0.97]
 486		0               1               [0.84]
 487		0               0               [0.97]
 488		0               0               [0.97]
 489		0               0               [0.99]
 490		0               0               [0.99]
 491		0               0               [0.96]
 492		0               0               [0.99]
 493		0               0               [0.87]
 494		0               0               [0.99]
 495		0               0               [0.96]
 496		0               0               [0.97]
 497		0               1               [0.91]
 498		0               0               [0.96]
 499		0               0               [0.97]
 500		0               0               [0.96]
 501		0               0               [0.97]
 502		0               0               [0.97]
 503		0               0               [0.99]
 504		0               0               [0.90]
 505		0               0               [0.96]
 506		0               0               [0.98]
 507		0               0               [0.96]
 508		0               0               [0.99]
 509		0               0               [0.97]
 510		0               1               [0.93]
 511		0               1               [0.95]
 512		0               0               [0.99]
 513		0               1               [0.99]
 514		0               0               [0.71]
 515		0               0               [0.97]
 516		0               0               [0.99]
 517		0               1               [0.96]
 518		0               1               [0.95]
 519		0               0               [0.99]
 520		0               0               [0.99]
 521		0               1               [0.99]
 522		0               1               [0.99]
 523		0               0               [0.99]
 524		0               0               [0.96]
 525		0               0               [0.99]
 526		0               0               [0.98]
 527		0               0               [0.91]
 528		0               1               [0.67]
 529		0               0               [0.85]
 530		0               0               [0.97]
 531		0               0               [0.91]
 532		0               0               [0.89]
 533		0               0               [0.97]
 534		0               0               [0.91]
 535		0               0               [0.99]
 536		0               0               [0.99]
 537		0               0               [0.96]
 538		0               0               [0.96]
 539		0               0               [0.96]
 540		0               0               [0.98]
 541		0               0               [0.97]
 542		0               1               [0.97]
 543		0               0               [0.99]
 544		0               0               [0.92]
 545		0               0               [0.99]
 546		0               0               [0.89]
 547		0               0               [0.96]
 548		0               0               [0.87]
 549		0               0               [0.97]
 550		0               1               [0.91]
 551		0               0               [0.99]
 552		0               0               [0.98]
 553		0               1               [0.95]
 554		0               0               [0.98]
 555		0               0               [0.98]
 556		0               0               [0.96]
 557		0               0               [0.96]
 558		0               0               [0.71]
 559		0               0               [0.97]
 560		0               0               [0.97]
 561		0               1               [0.95]
 562		0               1               [0.84]
 563		0               0               [0.95]
 564		0               0               [0.96]
 565		0               0               [0.99]
 566		0               0               [0.95]
 567		0               0               [0.99]
 568		0               0               [0.97]
 569		0               0               [0.99]
 570		0               0               [0.99]
 571		0               1               [0.94]
 572		0               1               [0.98]
 573		0               1               [0.98]
 574		0               0               [0.99]
 575		0               0               [0.99]
 576		0               1               [0.99]
 577		0               1               [0.91]
 578		0               0               [0.95]
 579		0               0               [0.89]
 580		0               0               [0.99]
 581		0               0               [0.99]
 582		0               0               [0.97]
 583		0               0               [0.97]
 584		0               0               [0.71]
 585		0               0               [0.99]
 586		0               0               [0.91]
 587		0               0               [0.98]
 588		0               0               [0.99]
 589		0               1               [0.96]
 590		0               0               [0.97]
 591		0               0               [0.98]
 592		0               0               [0.96]
 593		0               0               [0.97]
 594		0               0               [0.96]
 595		0               0               [0.96]
 596		0               0               [0.97]
 597		0               0               [0.99]
 598		0               0               [0.71]
 599		0               0               [0.99]
 600		0               1               [0.98]
 601		0               0               [0.99]
 602		0               0               [0.98]
 603		0               1               [0.67]
 604		0               0               [0.91]
 605		0               0               [0.87]
 606		0               1               [0.99]
 607		0               0               [1.00]
 608		0               0               [0.97]
 609		0               0               [0.96]
 610		0               0               [0.89]
 611		0               0               [0.99]
 612		0               0               [0.99]
 613		0               0               [0.95]
 614		0               1               [0.93]
 615		0               1               [0.98]
 616		0               1               [0.96]
 617		0               0               [0.94]
 618		0               0               [0.93]
 619		0               1               [0.85]
 620		0               0               [0.97]
 621		0               1               [0.96]
 622		0               0               [0.97]
 623		0               0               [0.96]
 624		0               0               [0.99]
 625		0               1               [0.99]
 626		0               0               [0.96]
 627		0               0               [0.71]
 628		0               1               [0.93]
 629		0               0               [0.98]
 630		0               0               [0.98]
 631		0               0               [0.96]
 632		0               0               [0.98]
 633		0               1               [0.90]
 634		0               0               [0.86]
 635		0               0               [0.96]
 636		0               1               [0.82]
 637		0               1               [0.95]
 638		0               0               [1.00]
 639		0               0               [0.99]
 640		0               1               [0.94]
 641		0               0               [0.87]
 642		0               0               [0.97]
 643		0               0               [0.96]
 644		0               0               [0.99]
 645		0               0               [0.95]
 646		0               0               [0.99]
 647		0               0               [0.97]
 648		0               1               [0.91]
 649		0               0               [0.99]
 650		0               1               [0.94]
 651		0               0               [0.97]
 652		0               0               [0.99]
 653		0               0               [0.78]
 654		0               1               [0.96]
 655		0               0               [0.97]
 656		0               0               [0.96]
 657		0               0               [0.99]
 658		0               0               [0.99]
 659		0               0               [0.99]
 660		0               0               [0.90]
 661		0               0               [0.95]
 662		0               0               [0.99]
 663		0               0               [0.99]
 664		0               1               [0.96]
 665		0               1               [0.95]
 666		0               0               [0.99]
 667		0               0               [0.99]
 668		0               0               [0.99]
 669		0               0               [0.95]
 670		0               1               [0.84]
 671		0               0               [0.99]
 672		0               1               [0.92]
 673		0               0               [0.96]
 674		0               0               [0.96]
 675		0               0               [0.96]
 676		0               0               [0.96]
 677		0               0               [0.98]
 678		0               0               [0.97]
 679		0               0               [0.99]
 680		0               0               [0.96]
 681		0               0               [0.99]
 682		0               0               [0.99]
 683		0               0               [0.96]
 684		0               0               [0.99]
 685		0               0               [0.99]
 686		0               0               [0.99]
 687		0               0               [0.93]
 688		0               0               [0.99]
 689		0               0               [0.99]
 690		0               0               [0.99]
 691		0               0               [0.99]
 692		0               0               [0.96]
 693		0               0               [0.96]
 694		0               0               [0.86]
 695		0               1               [0.98]
 696		0               0               [0.99]
 697		0               0               [0.99]
 698		0               0               [0.98]
 699		0               1               [0.97]
 700		0               0               [0.96]
 701		0               1               [0.96]
 702		0               0               [0.98]
 703		0               0               [0.86]
 704		0               1               [0.96]
 705		0               0               [0.96]
 706		0               0               [0.99]
 707		0               0               [0.98]
 708		0               1               [0.85]
 709		0               0               [0.99]
 710		0               0               [0.99]
 711		0               0               [0.99]
 712		0               1               [0.99]
 713		0               0               [0.96]
 714		0               0               [0.98]
 715		0               0               [0.99]
 716		0               0               [0.96]
 717		0               0               [0.96]
 718		0               0               [0.96]
 719		0               0               [0.99]
 720		0               0               [0.97]
 721		0               0               [0.99]
 722		0               0               [0.99]
 723		0               0               [0.99]
 724		0               0               [0.96]
 725		0               0               [0.98]
 726		0               1               [0.95]
 727		0               0               [0.96]
 728		0               0               [0.99]
 729		0               0               [0.96]
 730		0               0               [0.99]
 731		0               0               [0.96]
 732		0               0               [0.96]
 733		0               0               [0.99]
 734		0               0               [0.99]
 735		0               0               [0.98]
 736		0               0               [0.98]
 737		0               0               [0.99]
 738		0               0               [0.99]
 739		0               0               [0.99]
 740		0               0               [0.99]
 741		0               0               [0.96]
 742		0               0               [0.98]
 743		0               0               [0.99]
 744		0               0               [0.99]
 745		0               0               [0.97]
 746		0               0               [0.96]
 747		0               0               [0.97]
 748		0               0               [0.96]
 749		0               0               [0.99]
 750		0               0               [0.97]
 751		0               0               [0.99]
 752		0               0               [0.93]
 753		0               0               [0.96]
 754		0               0               [0.97]
 755		0               0               [0.99]
 756		0               0               [0.97]
 757		0               0               [0.99]
 758		0               0               [0.96]
 759		0               0               [0.95]
 760		0               0               [0.99]
 761		0               0               [0.99]
 762		0               0               [0.99]
 763		0               0               [0.98]
 764		0               0               [0.99]
 765		0               0               [0.99]
 766		0               0               [0.96]
 767		0               0               [0.97]
 768		0               0               [0.99]
 769		0               0               [0.99]
 770		0               0               [0.95]
 771		0               0               [0.94]
 772		0               0               [0.97]
 773		0               0               [0.96]
 774		0               0               [0.95]
 775		0               0               [0.99]
 776		0               0               [0.99]
 777		0               0               [0.99]
 778		0               0               [0.99]
 779		0               1               [0.94]
 780		0               0               [0.97]
 781		0               0               [0.99]
 782		0               0               [0.98]
 783		0               0               [0.99]
 784		0               0               [0.96]
 785		0               0               [0.87]
 786		0               0               [0.99]
 787		0               0               [0.96]
 788		0               0               [0.96]
 789		0               0               [0.91]
 790		0               0               [0.99]
 791		0               0               [0.98]
 792		0               1               [0.91]
 793		0               0               [0.99]
 794		0               0               [0.99]
 795		0               0               [0.99]
 796		0               0               [0.99]
 797		0               0               [0.96]
 798		0               0               [0.99]
 799		0               0               [0.99]
 800		0               0               [0.99]
 801		0               0               [1.00]
 802		0               0               [0.96]
 803		0               0               [0.99]
 804		0               0               [0.96]
 805		0               0               [0.99]
 806		0               0               [0.90]
 807		0               0               [0.95]
 808		0               0               [0.99]
 809		0               1               [0.99]
 810		0               1               [0.98]
 811		0               0               [0.99]
 812		0               1               [0.99]
 813		0               0               [0.96]
 814		0               0               [0.99]
 815		0               0               [0.95]
 816		0               0               [0.98]
 817		0               0               [0.99]
 818		0               0               [0.90]
 819		0               0               [0.99]
 820		0               0               [0.99]
 821		0               0               [0.96]
 822		0               0               [0.99]
 823		0               0               [0.99]
 824		0               0               [0.99]
 825		0               0               [0.99]
 826		0               0               [0.99]
 827		0               0               [0.95]
 828		0               0               [0.96]
 829		0               0               [0.99]
 830		0               0               [0.98]
 831		0               0               [0.96]
 832		0               0               [0.96]
 833		0               0               [0.96]
 834		0               0               [0.97]
 835		0               0               [0.99]
 836		0               1               [0.96]
 837		0               0               [0.98]
 838		0               0               [0.99]
 839		0               0               [0.99]
 840		0               0               [0.96]
 841		0               0               [0.87]
 842		0               1               [0.90]
 843		0               1               [0.98]
 844		0               0               [0.99]
 845		0               0               [0.97]
 846		0               0               [0.98]
 847		0               0               [0.96]
 848		0               0               [0.97]
 849		0               0               [0.99]
 850		0               0               [0.93]
 851		0               0               [0.89]
 852		0               1               [0.98]
 853		0               0               [0.91]
 854		0               0               [0.99]
 855		0               0               [0.99]
 856		0               0               [0.96]
 857		0               0               [0.96]
 858		0               0               [0.99]
 859		0               0               [0.99]
 860		0               0               [0.94]
 861		0               0               [0.99]
 862		0               0               [0.99]
 863		0               0               [0.96]
 864		0               0               [0.98]
 865		0               0               [0.99]
 866		0               0               [0.95]
 867		0               0               [0.99]
 868		0               0               [0.99]
 869		0               1               [0.98]
 870		0               0               [0.99]
 871		0               0               [0.97]
 872		0               0               [0.99]
 873		0               0               [0.98]
 874		0               0               [0.96]
 875		0               0               [0.96]
 876		0               1               [0.98]
 877		0               0               [0.96]
 878		0               0               [0.99]
 879		0               0               [0.99]
 880		0               1               [0.99]
 881		0               0               [0.96]
 882		0               0               [0.97]
 883		0               0               [0.96]
 884		0               1               [0.94]
 885		0               0               [0.98]
 886		0               1               [0.90]
 887		0               0               [0.99]
 888		0               0               [0.91]
 889		0               0               [0.96]
 890		0               0               [0.89]
 891		0               0               [0.99]
 892		0               0               [0.97]
 893		0               0               [0.78]
 894		0               0               [0.96]
 895		0               0               [1.00]
 896		0               0               [0.99]
 897		0               0               [0.96]
 898		0               0               [0.99]
 899		0               0               [0.96]
 900		0               0               [0.96]
 901		0               0               [0.99]
 902		0               0               [0.99]
 903		0               0               [0.99]
 904		0               0               [0.99]
 905		0               0               [0.96]
 906		0               0               [0.99]
 907		0               0               [0.99]
 908		0               0               [0.99]
 909		0               0               [0.99]
 910		0               0               [0.99]
 911		0               0               [0.99]
 912		0               0               [0.99]
 913		0               0               [0.96]
 914		0               0               [0.96]
 915		0               0               [0.96]
 916		0               0               [0.96]
 917		0               0               [0.99]
 918		0               0               [0.97]
 919		0               0               [0.99]
 920		0               0               [0.96]
 921		0               0               [0.99]
 922		0               0               [0.99]
 923		0               0               [0.99]
 924		0               1               [0.95]
 925		0               0               [0.98]
 926		0               0               [0.97]
 927		0               0               [0.99]
 928		0               0               [0.99]
 929		0               0               [0.96]
 930		0               0               [0.99]
 931		0               1               [0.91]
 932		0               0               [0.96]
 933		0               0               [0.98]
 934		0               0               [0.99]
 935		0               1               [0.92]
 936		0               0               [0.99]
 937		0               0               [0.99]
 938		0               0               [0.99]
 939		0               0               [0.99]
 940		0               0               [0.97]
 941		0               0               [0.89]
 942		0               1               [0.97]
 943		0               0               [0.87]
 944		0               0               [0.99]
 945		0               0               [0.97]
 946		0               0               [0.99]
 947		0               0               [0.96]
 948		0               1               [0.97]
 949		0               0               [0.96]
 950		0               0               [0.96]
 951		0               0               [0.97]
 952		0               0               [0.90]
 953		0               0               [0.99]
 954		0               0               [0.78]
 955		0               0               [0.99]
 956		0               0               [0.97]
 957		0               0               [0.96]
 958		0               1               [0.96]
 959		0               0               [0.96]
 960		0               1               [0.92]
 961		0               0               [0.99]
 962		0               0               [0.97]
 963		0               0               [0.99]
 964		0               0               [0.99]
 965		0               0               [0.96]
 966		0               0               [0.96]
 967		0               1               [0.96]
 968		0               0               [0.71]
 969		0               0               [0.99]
 970		0               0               [0.99]
 971		0               0               [0.96]
 972		0               0               [0.96]
 973		0               0               [0.99]
 974		0               0               [0.99]
 975		0               0               [0.96]
 976		0               0               [0.99]
 977		0               0               [0.96]
 978		0               0               [0.98]
 979		0               1               [0.93]
 980		0               0               [0.99]
 981		0               1               [0.67]
 982		0               0               [0.99]
 983		0               0               [0.99]
 984		0               0               [0.99]
 985		0               1               [0.95]
 986		0               0               [0.99]
 987		0               1               [0.95]
 988		0               0               [0.99]
 989		0               0               [0.99]
 990		0               0               [0.89]
 991		0               0               [0.99]
 992		0               1               [0.99]
 993		0               0               [0.96]
 994		0               0               [0.89]
 995		0               0               [0.99]
 996		0               0               [0.99]
 997		0               0               [0.99]
 998		0               0               [0.94]
 999		0               0               [0.99]
1000		0               0               [0.99]
1001		0               0               [0.99]
1002		0               1               [0.94]
1003		0               0               [0.96]
1004		0               0               [0.96]
1005		0               0               [0.97]
1006		0               0               [0.94]
1007		0               0               [0.95]
1008		0               0               [0.96]
1009		0               0               [0.89]
1010		0               0               [0.99]
1011		0               0               [0.96]
1012		0               0               [0.99]
1013		0               0               [0.99]
1014		0               0               [0.97]
1015		0               0               [0.78]
1016		0               0               [0.99]
1017		0               0               [0.99]
1018		0               0               [0.99]
1019		0               1               [0.93]
1020		0               0               [0.99]
1021		0               0               [0.99]
1022		0               0               [0.99]
1023		0               0               [0.97]
1024		0               0               [0.98]
1025		0               0               [0.99]
1026		0               0               [0.96]
1027		0               0               [0.97]
1028		0               0               [0.98]
1029		0               0               [0.99]
1030		0               0               [0.71]
1031		0               1               [0.98]
1032		0               1               [0.96]
1033		0               0               [0.96]
1034		0               0               [0.99]
1035		0               0               [0.99]
1036		0               0               [0.96]
1037		0               0               [0.99]
1038		0               0               [0.99]
1039		0               0               [0.99]
1040		0               0               [0.99]
1041		0               0               [0.99]
1042		0               0               [0.99]
1043		0               0               [0.99]
1044		0               1               [0.90]
1045		0               0               [0.99]
1046		0               0               [0.99]
1047		0               0               [0.99]
1048		0               0               [0.99]
1049		0               0               [0.99]
1050		0               0               [0.96]
1051		0               0               [0.99]
1052		0               0               [0.99]
1053		0               0               [0.99]
1054		0               0               [0.91]
1055		0               0               [0.99]
1056		0               0               [0.96]
1057		0               1               [0.97]
1058		0               0               [0.99]
1059		0               0               [0.98]
1060		0               0               [0.99]
1061		0               0               [0.97]
1062		0               0               [0.91]
1063		0               0               [0.89]
1064		0               0               [0.99]
1065		0               1               [0.98]
1066		0               0               [0.99]
1067		0               0               [0.95]
1068		0               0               [0.96]
1069		0               0               [0.99]
1070		0               0               [0.96]
1071		0               0               [0.87]
1072		0               0               [0.89]
1073		0               1               [0.96]
1074		0               0               [0.99]
1075		0               0               [0.99]
1076		0               1               [0.97]
1077		0               0               [0.97]
1078		0               0               [0.97]
1079		0               0               [0.98]
1080		0               0               [0.99]
1081		0               1               [0.92]
1082		0               0               [0.99]
1083		0               0               [0.96]
1084		0               0               [0.96]
1085		0               0               [0.99]
1086		0               0               [0.96]
1087		0               0               [0.98]
1088		0               1               [0.94]
1089		0               0               [0.97]
1090		0               0               [0.99]
1091		0               0               [0.99]
1092		0               0               [0.89]
1093		0               0               [0.86]
1094		0               0               [0.99]
1095		0               0               [0.99]
1096		0               0               [0.96]
1097		0               0               [0.98]
1098		0               0               [0.97]
1099		0               0               [0.99]
1100		0               0               [0.99]
1101		0               0               [0.99]
1102		0               1               [0.95]
1103		0               0               [0.97]
1104		0               0               [0.98]
1105		0               0               [0.99]
1106		0               0               [0.91]
1107		0               0               [0.99]
1108		0               0               [0.97]
1109		0               0               [0.99]
1110		0               0               [0.99]
1111		0               0               [0.98]
1112		0               0               [0.99]
1113		0               0               [0.99]
1114		0               0               [0.96]
1115		0               0               [0.96]
1116		0               0               [0.96]
1117		0               0               [0.99]
1118		0               0               [0.99]
1119		0               0               [0.98]
1120		0               0               [0.94]
1121		0               0               [0.96]
1122		0               1               [0.97]
1123		0               0               [0.98]
1124		0               0               [0.99]
1125		0               0               [0.99]
1126		0               0               [0.96]
1127		0               0               [0.99]
1128		0               0               [0.99]
1129		0               0               [0.96]
1130		0               1               [0.98]
1131		0               1               [0.96]
1132		0               0               [0.99]
1133		0               1               [0.99]
1134		0               0               [0.99]
1135		0               0               [0.94]
1136		0               0               [0.99]
1137		0               0               [0.99]
1138		0               0               [0.91]
1139		0               0               [0.96]
1140		0               0               [0.96]
1141		0               0               [0.99]
1142		0               0               [0.99]
1143		0               0               [0.96]
1144		0               0               [0.99]
1145		0               0               [0.99]
1146		0               0               [0.95]
1147		0               0               [0.97]
1148		0               0               [0.99]
1149		0               0               [0.99]
1150		0               0               [0.98]
1151		0               0               [0.99]
1152		0               0               [0.96]
1153		0               0               [0.89]
1154		0               0               [0.96]
1155		0               0               [0.96]
1156		0               0               [0.99]
1157		0               0               [0.99]
1158		0               0               [0.96]
1159		0               0               [0.99]
1160		0               0               [0.99]
1161		0               1               [0.92]
1162		0               0               [0.96]
1163		0               0               [0.96]
1164		0               0               [0.99]
1165		0               0               [0.99]
1166		0               0               [0.99]
1167		0               0               [0.99]
1168		0               0               [0.99]
1169		0               1               [0.84]
1170		0               0               [0.96]
1171		0               0               [0.99]
1172		0               0               [0.99]
1173		0               0               [0.99]
1174		0               0               [0.97]
1175		0               0               [0.96]
1176		0               0               [0.99]
1177		0               0               [0.96]
1178		0               0               [0.99]
1179		0               0               [0.89]
1180		0               1               [0.97]
1181		0               0               [0.99]
1182		0               0               [0.99]
1183		0               0               [0.78]
1184		0               0               [0.99]
1185		0               0               [0.97]
1186		0               1               [0.92]
1187		0               1               [0.97]
1188		0               0               [0.99]
1189		0               1               [0.82]
1190		0               0               [0.99]
1191		0               0               [0.96]
1192		0               0               [0.99]
1193		0               0               [0.96]
1194		0               0               [0.97]
1195		0               0               [0.99]
1196		0               0               [0.99]
1197		0               0               [0.99]
1198		0               0               [0.98]
1199		0               1               [0.92]
1200		0               1               [0.97]
1201		0               1               [0.84]
1202		0               0               [0.99]
1203		0               0               [0.89]
1204		0               0               [0.97]
1205		0               0               [0.99]
1206		0               0               [0.91]
1207		0               0               [0.97]
1208		0               0               [0.97]
1209		0               0               [0.97]
1210		0               0               [0.97]
1211		0               0               [0.90]
1212		0               0               [0.99]
1213		0               0               [0.97]
1214		0               0               [0.96]
1215		0               0               [0.99]
1216		0               0               [0.86]
1217		0               0               [0.99]
1218		0               0               [0.91]
1219		0               1               [0.92]
1220		0               0               [0.99]
1221		0               0               [0.98]
1222		0               0               [0.99]
1223		0               1               [0.95]
1224		0               0               [0.96]
1225		0               0               [0.99]
1226		0               0               [0.99]
1227		0               0               [0.99]
1228		0               0               [0.99]
1229		0               0               [0.96]
1230		0               0               [0.91]
1231		0               0               [0.99]
1232		0               1               [0.98]
1233		0               1               [0.98]
1234		0               0               [0.99]
1235		0               0               [0.96]
1236		0               0               [0.98]
1237		0               0               [0.99]
1238		0               1               [0.93]
1239		0               0               [0.97]
1240		0               1               [0.98]
1241		0               0               [0.96]
1242		0               1               [0.98]
1243		0               0               [0.99]
1244		0               0               [0.99]
1245		0               0               [0.97]
1246		0               0               [0.99]
