Case		Given		Predicted
 No		Class		Class

   1		1               0               [0.92]
   2		1               1               [0.93]
   3		1               1               [0.96]
   4		1               1               [0.99]
   5		1               1               [0.96]
   6		1               1               [0.97]
   7		1               0               [0.89]
   8		1               0               [0.84]
   9		1               1               [0.97]
  10		1               1               [0.91]
  11		1               1               [0.99]
  12		1               1               [0.99]
  13		1               0               [0.95]
  14		1               1               [0.99]
  15		1               1               [0.97]
  16		1               0               [0.95]
  17		1               0               [0.98]
  18		1               1               [0.99]
  19		1               0               [0.95]
  20		1               0               [0.84]
  21		1               0               [0.95]
  22		1               0               [0.94]
  23		1               0               [0.92]
  24		1               1               [0.72]
  25		1               1               [0.99]
  26		1               1               [0.99]
  27		1               1               [0.99]
  28		1               0               [0.95]
  29		1               1               [0.99]
  30		1               0               [0.84]
  31		1               0               [0.84]
  32		1               0               [0.94]
  33		1               1               [0.92]
  34		1               0               [0.94]
  35		1               1               [0.92]
  36		1               1               [0.99]
  37		1               1               [0.99]
  38		1               0               [0.84]
  39		1               0               [0.95]
  40		1               0               [0.98]
  41		1               0               [0.92]
  42		1               1               [0.96]
  43		1               1               [0.96]
  44		1               1               [0.99]
  45		1               1               [0.96]
  46		1               0               [0.92]
  47		1               1               [0.99]
  48		1               1               [0.97]
  49		1               1               [0.99]
  50		1               0               [0.97]
  51		1               1               [0.99]
  52		1               1               [0.99]
  53		1               0               [0.97]
  54		1               1               [0.99]
  55		1               1               [0.99]
  56		1               1               [0.95]
  57		1               1               [0.99]
  58		1               1               [0.99]
  59		1               0               [0.96]
  60		1               0               [0.98]
  61		1               1               [0.97]
  62		1               1               [0.99]
  63		1               1               [0.99]
  64		1               1               [0.96]
  65		1               1               [0.96]
  66		1               1               [0.96]
  67		1               1               [0.99]
  68		1               1               [0.85]
  69		1               1               [0.97]
  70		1               0               [0.90]
  71		1               0               [0.97]
  72		1               0               [0.84]
  73		1               0               [0.92]
  74		1               1               [0.98]
  75		1               1               [0.97]
  76		1               1               [0.97]
  77		1               1               [0.99]
  78		1               0               [0.98]
  79		1               1               [0.96]
  80		1               0               [0.97]
  81		1               0               [0.91]
  82		1               0               [0.98]
  83		1               0               [0.93]
  84		1               0               [0.94]
  85		1               1               [0.98]
  86		1               1               [0.93]
  87		1               0               [0.85]
  88		1               1               [0.99]
  89		1               1               [0.93]
  90		1               1               [0.97]
  91		1               1               [0.97]
  92		1               0               [0.90]
  93		1               1               [0.99]
  94		1               0               [0.94]
  95		1               0               [0.94]
  96		1               1               [0.99]
  97		1               1               [0.99]
  98		1               0               [0.97]
  99		1               1               [0.92]
 100		1               1               [0.96]
 101		1               0               [0.98]
 102		1               0               [0.92]
 103		1               0               [0.92]
 104		1               0               [0.96]
 105		1               0               [0.97]
 106		1               1               [0.99]
 107		1               1               [0.98]
 108		1               0               [0.95]
 109		1               0               [0.97]
 110		1               1               [0.99]
 111		1               0               [0.76]
 112		1               1               [0.98]
 113		1               1               [0.99]
 114		1               1               [0.99]
 115		1               0               [0.90]
 116		1               1               [0.95]
 117		1               0               [0.87]
 118		1               1               [0.99]
 119		1               1               [1.00]
 120		1               0               [0.85]
 121		1               1               [0.99]
 122		1               0               [0.95]
 123		1               1               [0.90]
 124		1               1               [0.99]
 125		1               1               [0.93]
 126		1               1               [0.99]
 127		1               1               [0.93]
 128		1               1               [0.99]
 129		1               0               [0.98]
 130		1               1               [0.93]
 131		1               1               [0.98]
 132		1               0               [0.87]
 133		1               1               [0.98]
 134		1               0               [0.95]
 135		1               1               [0.97]
 136		1               0               [0.95]
 137		1               1               [0.93]
 138		1               1               [0.99]
 139		1               1               [0.93]
 140		1               0               [0.91]
 141		1               1               [0.93]
 142		1               0               [0.87]
 143		1               1               [0.99]
 144		1               1               [0.98]
 145		1               0               [0.92]
 146		1               1               [0.99]
 147		1               1               [0.99]
 148		1               1               [0.99]
 149		1               1               [0.97]
 150		1               0               [0.94]
 151		1               0               [0.88]
 152		1               1               [0.97]
 153		1               0               [0.94]
 154		1               1               [0.93]
 155		1               0               [0.94]
 156		1               0               [0.97]
 157		1               0               [0.94]
 158		1               1               [0.93]
 159		1               0               [0.95]
 160		1               0               [0.90]
 161		1               1               [0.99]
 162		1               0               [0.94]
 163		1               1               [0.88]
 164		1               1               [0.96]
 165		1               0               [0.96]
 166		1               1               [0.99]
 167		1               0               [0.99]
 168		1               1               [0.97]
 169		1               0               [0.99]
 170		1               1               [0.99]
 171		1               0               [0.93]
 172		1               1               [0.99]
 173		1               1               [0.99]
 174		1               0               [0.95]
 175		1               0               [0.93]
 176		1               1               [0.97]
 177		1               1               [0.89]
 178		1               1               [0.95]
 179		1               1               [0.97]
 180		1               0               [0.85]
 181		1               0               [0.95]
 182		1               0               [0.94]
 183		1               1               [0.93]
 184		1               0               [0.94]
 185		1               1               [0.96]
 186		1               1               [0.90]
 187		1               1               [0.97]
 188		1               1               [0.99]
 189		1               0               [0.94]
 190		1               1               [0.99]
 191		1               1               [0.95]
 192		1               1               [0.83]
 193		1               1               [0.95]
 194		1               1               [0.96]
 195		1               1               [0.95]
 196		1               0               [0.93]
 197		1               0               [0.84]
 198		1               1               [0.99]
 199		1               1               [0.99]
 200		1               0               [0.91]
 201		1               0               [0.98]
 202		1               1               [1.00]
 203		1               1               [0.99]
 204		1               1               [0.93]
 205		1               0               [0.92]
 206		1               1               [0.99]
 207		1               1               [0.97]
 208		1               1               [0.93]
 209		1               0               [0.93]
 210		1               0               [0.95]
 211		1               1               [0.92]
 212		1               0               [0.97]
 213		1               1               [0.97]
 214		1               1               [0.95]
 215		1               1               [0.98]
 216		1               0               [0.97]
 217		1               1               [0.97]
 218		1               1               [0.95]
 219		1               1               [0.95]
 220		1               0               [0.92]
 221		1               1               [0.97]
 222		1               1               [0.99]
 223		1               1               [0.97]
 224		1               1               [0.88]
 225		1               1               [0.86]
 226		1               1               [0.95]
 227		1               0               [0.95]
 228		1               1               [0.98]
 229		1               0               [0.95]
 230		1               1               [0.99]
 231		1               0               [0.96]
 232		1               1               [0.97]
 233		1               0               [0.92]
 234		1               0               [0.94]
 235		1               1               [0.99]
 236		1               0               [0.92]
 237		1               0               [0.94]
 238		1               1               [0.97]
 239		1               1               [0.96]
 240		1               0               [0.99]
 241		1               1               [0.98]
 242		1               1               [0.97]
 243		1               1               [0.99]
 244		1               1               [0.99]
 245		1               1               [0.95]
 246		1               0               [0.97]
 247		1               1               [0.97]
 248		1               0               [0.95]
 249		1               1               [0.99]
 250		1               1               [0.99]
 251		1               1               [0.99]
 252		1               0               [0.91]
 253		1               1               [0.95]
 254		1               1               [0.99]
 255		1               1               [0.99]
 256		1               1               [0.97]
 257		1               0               [0.88]
 258		1               0               [0.98]
 259		1               1               [0.86]
 260		1               0               [0.98]
 261		1               1               [0.92]
 262		1               0               [0.94]
 263		1               0               [0.95]
 264		1               0               [0.92]
 265		1               0               [0.90]
 266		1               1               [0.99]
 267		1               1               [0.99]
 268		1               0               [0.89]
 269		1               0               [0.94]
 270		1               1               [0.99]
 271		1               0               [0.94]
 272		1               0               [0.76]
 273		1               0               [0.95]
 274		1               0               [0.94]
 275		1               1               [0.94]
 276		1               1               [0.97]
 277		1               1               [0.99]
 278		1               1               [0.95]
 279		1               1               [0.98]
 280		1               1               [0.97]
 281		1               1               [0.88]
 282		1               1               [0.98]
 283		1               1               [0.95]
 284		1               1               [0.99]
 285		1               1               [0.99]
 286		1               1               [0.96]
 287		1               0               [0.95]
 288		1               1               [0.99]
 289		1               0               [0.94]
 290		1               1               [0.95]
 291		1               1               [0.95]
 292		1               1               [0.94]
 293		1               1               [0.99]
 294		1               0               [0.96]
 295		1               1               [0.97]
 296		1               1               [0.98]
 297		1               0               [0.91]
 298		1               0               [0.91]
 299		1               1               [0.99]
 300		1               0               [0.96]
 301		1               1               [0.99]
 302		1               0               [0.94]
 303		1               1               [0.97]
 304		1               0               [0.92]
 305		1               1               [0.94]
 306		1               1               [0.99]
 307		1               0               [0.98]
 308		1               1               [0.99]
 309		1               0               [0.94]
 310		1               1               [0.99]
 311		1               0               [0.89]
 312		1               1               [0.99]
 313		1               1               [0.96]
 314		1               1               [0.98]
 315		1               1               [0.95]
 316		1               1               [0.95]
 317		1               0               [0.87]
 318		1               1               [0.99]
 319		1               0               [0.94]
 320		1               0               [0.95]
 321		1               0               [0.92]
 322		1               1               [0.97]
 323		1               1               [0.99]
 324		1               0               [0.97]
 325		1               1               [0.99]
 326		1               1               [0.99]
 327		1               1               [0.88]
 328		1               1               [0.85]
 329		1               0               [0.94]
 330		1               0               [0.89]
 331		1               0               [0.98]
 332		1               1               [0.92]
 333		1               1               [0.99]
 334		1               1               [0.92]
 335		1               0               [0.95]
 336		1               1               [0.96]
 337		1               1               [0.98]
 338		1               1               [0.96]
 339		1               1               [0.95]
 340		1               1               [0.93]
 341		1               1               [0.97]
 342		1               1               [0.99]
 343		1               1               [0.95]
 344		1               1               [0.98]
 345		1               0               [0.96]
 346		1               1               [0.95]
 347		1               1               [0.90]
 348		1               1               [0.89]
 349		1               1               [0.98]
 350		1               0               [0.85]
 351		1               0               [0.97]
 352		1               1               [0.99]
 353		1               1               [0.85]
 354		1               1               [0.99]
 355		1               0               [0.98]
 356		0               0               [0.95]
 357		0               0               [0.94]
 358		0               0               [0.95]
 359		0               0               [0.95]
 360		0               0               [0.98]
 361		0               0               [1.00]
 362		0               1               [0.94]
 363		0               0               [0.95]
 364		0               0               [0.95]
 365		0               0               [0.95]
 366		0               0               [1.00]
 367		0               0               [0.95]
 368		0               0               [1.00]
 369		0               0               [0.98]
 370		0               0               [0.95]
 371		0               0               [1.00]
 372		0               0               [1.00]
 373		0               0               [0.95]
 374		0               0               [0.95]
 375		0               1               [0.94]
 376		0               1               [1.00]
 377		0               1               [0.97]
 378		0               1               [0.85]
 379		0               0               [0.98]
 380		0               1               [0.96]
 381		0               0               [0.99]
 382		0               1               [0.97]
 383		0               0               [0.95]
 384		0               0               [1.00]
 385		0               0               [0.95]
 386		0               0               [1.00]
 387		0               0               [0.98]
 388		0               0               [0.98]
 389		0               1               [0.94]
 390		0               0               [0.76]
 391		0               0               [0.89]
 392		0               0               [0.95]
 393		0               0               [0.92]
 394		0               0               [0.98]
 395		0               0               [0.95]
 396		0               0               [0.95]
 397		0               0               [0.98]
 398		0               0               [0.99]
 399		0               0               [0.98]
 400		0               1               [0.90]
 401		0               0               [0.98]
 402		0               0               [1.00]
 403		0               0               [1.00]
 404		0               1               [0.95]
 405		0               0               [0.99]
 406		0               0               [1.00]
 407		0               1               [0.85]
 408		0               1               [0.95]
 409		0               1               [0.85]
 410		0               0               [0.98]
 411		0               0               [0.99]
 412		0               1               [0.96]
 413		0               1               [0.98]
 414		0               0               [0.98]
 415		0               0               [0.97]
 416		0               0               [0.95]
 417		0               0               [0.97]
 418		0               1               [0.85]
 419		0               0               [0.95]
 420		0               0               [0.95]
 421		0               0               [0.95]
 422		0               0               [1.00]
 423		0               0               [1.00]
 424		0               1               [0.94]
 425		0               0               [0.99]
 426		0               0               [0.95]
 427		0               0               [0.84]
 428		0               0               [0.95]
 429		0               0               [0.98]
 430		0               1               [0.96]
 431		0               0               [0.97]
 432		0               0               [0.96]
 433		0               0               [0.98]
 434		0               1               [0.92]
 435		0               0               [1.00]
 436		0               0               [0.97]
 437		0               1               [0.98]
 438		0               0               [0.95]
 439		0               0               [0.97]
 440		0               0               [0.95]
 441		0               0               [0.98]
 442		0               0               [1.00]
 443		0               0               [1.00]
 444		0               0               [1.00]
 445		0               0               [0.95]
 446		0               0               [0.97]
 447		0               1               [0.94]
 448		0               0               [0.98]
 449		0               1               [1.00]
 450		0               0               [0.99]
 451		0               0               [1.00]
 452		0               0               [0.98]
 453		0               0               [0.86]
 454		0               0               [0.95]
 455		0               0               [0.98]
 456		0               0               [0.95]
 457		0               0               [0.95]
 458		0               0               [0.98]
 459		0               1               [0.96]
 460		0               0               [0.98]
 461		0               0               [1.00]
 462		0               1               [0.94]
 463		0               0               [0.95]
 464		0               0               [1.00]
 465		0               0               [0.95]
 466		0               0               [0.99]
 467		0               0               [0.98]
 468		0               0               [0.98]
 469		0               0               [0.94]
 470		0               0               [0.99]
 471		0               0               [0.95]
 472		0               0               [0.92]
 473		0               1               [0.97]
 474		0               0               [0.98]
 475		0               0               [0.98]
 476		0               0               [0.99]
 477		0               1               [0.97]
 478		0               0               [0.98]
 479		0               1               [0.99]
 480		0               0               [0.89]
 481		0               0               [0.99]
 482		0               0               [0.97]
 483		0               1               [0.94]
 484		0               1               [0.97]
 485		0               1               [0.94]
 486		0               0               [0.95]
 487		0               0               [0.99]
 488		0               0               [1.00]
 489		0               0               [0.95]
 490		0               1               [0.98]
 491		0               0               [1.00]
 492		0               0               [0.93]
 493		0               0               [0.95]
 494		0               0               [0.99]
 495		0               0               [0.95]
 496		0               0               [1.00]
 497		0               0               [0.98]
 498		0               0               [0.95]
 499		0               0               [0.95]
 500		0               0               [0.95]
 501		0               1               [0.97]
 502		0               1               [0.95]
 503		0               0               [0.95]
 504		0               0               [0.98]
 505		0               0               [1.00]
 506		0               0               [1.00]
 507		0               0               [1.00]
 508		0               0               [0.86]
 509		0               0               [0.93]
 510		0               1               [0.95]
 511		0               0               [0.99]
 512		0               0               [0.95]
 513		0               0               [0.98]
 514		0               0               [0.95]
 515		0               0               [0.98]
 516		0               0               [0.95]
 517		0               1               [0.96]
 518		0               0               [0.93]
 519		0               0               [0.98]
 520		0               0               [0.95]
 521		0               0               [0.95]
 522		0               0               [0.95]
 523		0               0               [0.99]
 524		0               0               [0.99]
 525		0               0               [0.95]
 526		0               0               [1.00]
 527		0               0               [0.91]
 528		0               0               [0.95]
 529		0               0               [0.95]
 530		0               0               [0.96]
 531		0               0               [0.96]
 532		0               0               [0.96]
 533		0               1               [0.99]
 534		0               0               [0.99]
 535		0               0               [0.98]
 536		0               0               [0.98]
 537		0               0               [0.99]
 538		0               0               [0.95]
 539		0               0               [0.95]
 540		0               0               [0.92]
 541		0               1               [0.97]
 542		0               1               [0.97]
 543		0               1               [0.96]
 544		0               0               [0.95]
 545		0               0               [0.95]
 546		0               0               [0.95]
 547		0               0               [1.00]
 548		0               0               [0.95]
 549		0               1               [0.96]
 550		0               1               [0.94]
 551		0               1               [0.97]
 552		0               0               [0.95]
 553		0               0               [0.93]
 554		0               0               [0.95]
 555		0               0               [0.99]
 556		0               1               [0.72]
 557		0               0               [0.99]
 558		0               0               [0.95]
 559		0               0               [0.95]
 560		0               1               [0.99]
 561		0               0               [0.98]
 562		0               0               [0.97]
 563		0               0               [0.95]
 564		0               0               [0.99]
 565		0               0               [0.95]
 566		0               0               [0.95]
 567		0               0               [0.98]
 568		0               0               [0.95]
 569		0               0               [1.00]
 570		0               1               [0.97]
 571		0               0               [0.95]
 572		0               0               [1.00]
 573		0               1               [0.98]
 574		0               0               [0.98]
 575		0               0               [0.99]
 576		0               0               [0.95]
 577		0               0               [0.95]
 578		0               1               [0.72]
 579		0               1               [0.94]
 580		0               1               [0.85]
 581		0               1               [0.92]
 582		0               0               [0.99]
 583		0               0               [0.95]
 584		0               0               [0.99]
 585		0               0               [0.97]
 586		0               1               [0.97]
 587		0               0               [0.97]
 588		0               1               [0.97]
 589		0               1               [0.96]
 590		0               0               [0.99]
 591		0               1               [0.91]
 592		0               0               [0.99]
 593		0               0               [0.98]
 594		0               0               [0.95]
 595		0               0               [0.95]
 596		0               0               [0.98]
 597		0               0               [0.96]
 598		0               1               [0.93]
 599		0               1               [0.97]
 600		0               1               [0.94]
 601		0               0               [0.95]
 602		0               0               [0.98]
 603		0               0               [0.95]
 604		0               0               [0.97]
 605		0               0               [0.95]
 606		0               0               [0.98]
 607		0               0               [0.95]
 608		0               0               [0.95]
 609		0               0               [0.95]
 610		0               0               [1.00]
 611		0               0               [0.95]
 612		0               0               [0.99]
 613		0               0               [0.95]
 614		0               0               [0.96]
 615		0               0               [0.92]
 616		0               1               [0.95]
 617		0               0               [0.99]
 618		0               1               [0.95]
 619		0               0               [0.89]
 620		0               0               [0.97]
 621		0               0               [0.95]
 622		0               1               [0.96]
 623		0               1               [0.85]
 624		0               0               [0.95]
 625		0               1               [0.99]
 626		0               0               [0.98]
 627		0               0               [0.95]
 628		0               0               [0.99]
 629		0               0               [0.95]
 630		0               0               [0.95]
 631		0               0               [0.95]
 632		0               0               [0.95]
 633		0               1               [0.99]
 634		0               1               [0.97]
 635		0               0               [0.97]
 636		0               0               [0.95]
 637		0               0               [0.95]
 638		0               0               [0.95]
 639		0               0               [0.99]
 640		0               0               [0.99]
 641		0               1               [0.98]
 642		0               0               [0.95]
 643		0               0               [0.95]
 644		0               0               [1.00]
 645		0               0               [0.95]
 646		0               0               [0.95]
 647		0               0               [0.95]
 648		0               0               [0.99]
 649		0               0               [0.95]
 650		0               0               [0.98]
 651		0               0               [0.92]
 652		0               1               [1.00]
 653		0               1               [0.95]
 654		0               1               [0.92]
 655		0               0               [0.98]
 656		0               0               [0.95]
 657		0               0               [0.95]
 658		0               0               [0.95]
 659		0               0               [0.95]
 660		0               0               [0.97]
 661		0               0               [0.95]
 662		0               0               [0.95]
 663		0               0               [0.93]
 664		0               0               [0.95]
 665		0               1               [0.97]
 666		0               1               [0.85]
 667		0               0               [0.84]
 668		0               0               [1.00]
 669		0               1               [0.92]
 670		0               0               [0.97]
 671		0               0               [0.99]
 672		0               0               [0.85]
 673		0               0               [0.95]
 674		0               0               [0.95]
 675		0               0               [0.95]
 676		0               0               [0.95]
 677		0               0               [0.95]
 678		0               0               [0.95]
 679		0               0               [0.95]
 680		0               0               [1.00]
 681		0               0               [0.95]
 682		0               0               [0.95]
 683		0               0               [0.95]
 684		0               0               [0.97]
 685		0               0               [0.95]
 686		0               0               [0.95]
 687		0               0               [0.95]
 688		0               0               [0.95]
 689		0               0               [1.00]
 690		0               1               [0.85]
 691		0               0               [0.95]
 692		0               0               [1.00]
 693		0               0               [0.95]
 694		0               0               [0.84]
 695		0               0               [0.92]
 696		0               0               [0.99]
 697		0               0               [0.95]
 698		0               0               [0.95]
 699		0               1               [0.99]
 700		0               1               [0.83]
 701		0               0               [0.95]
 702		0               1               [0.99]
 703		0               0               [0.95]
 704		0               1               [0.94]
 705		0               0               [0.97]
 706		0               0               [0.95]
 707		0               1               [0.90]
 708		0               0               [0.92]
 709		0               1               [0.72]
 710		0               0               [0.95]
 711		0               0               [0.95]
 712		0               1               [0.97]
 713		0               0               [0.84]
 714		0               0               [0.95]
 715		0               1               [0.92]
 716		0               0               [0.95]
 717		0               0               [0.95]
 718		0               0               [0.95]
 719		0               0               [0.95]
 720		0               1               [0.98]
 721		0               0               [0.95]
 722		0               0               [0.95]
 723		0               0               [0.95]
 724		0               0               [0.95]
 725		0               1               [0.92]
 726		0               1               [0.98]
 727		0               1               [0.91]
 728		0               0               [0.95]
 729		0               1               [0.91]
 730		0               0               [0.95]
 731		0               0               [0.95]
 732		0               0               [0.99]
 733		0               1               [0.85]
 734		0               0               [0.95]
 735		0               0               [0.95]
 736		0               0               [1.00]
 737		0               1               [0.92]
 738		0               1               [0.85]
 739		0               0               [0.95]
 740		0               0               [0.98]
 741		0               0               [0.95]
 742		0               0               [0.95]
 743		0               0               [0.95]
 744		0               0               [0.95]
 745		0               0               [0.95]
 746		0               1               [0.94]
 747		0               0               [0.95]
 748		0               0               [1.00]
 749		0               0               [0.99]
 750		0               0               [0.95]
 751		0               0               [0.95]
 752		0               0               [0.95]
 753		0               1               [0.90]
 754		0               0               [0.95]
 755		0               0               [0.95]
 756		0               1               [0.91]
 757		0               0               [0.95]
 758		0               0               [0.95]
 759		0               0               [0.98]
 760		0               1               [0.90]
 761		0               0               [0.98]
 762		0               0               [0.95]
 763		0               0               [1.00]
 764		0               0               [0.95]
 765		0               1               [1.00]
 766		0               0               [0.95]
 767		0               0               [1.00]
 768		0               0               [0.95]
 769		0               0               [1.00]
 770		0               0               [0.95]
 771		0               0               [0.98]
 772		0               0               [1.00]
 773		0               1               [0.86]
 774		0               0               [1.00]
 775		0               0               [0.84]
 776		0               0               [1.00]
 777		0               0               [0.95]
 778		0               0               [1.00]
 779		0               1               [0.98]
 780		0               0               [1.00]
 781		0               0               [0.95]
 782		0               1               [0.92]
 783		0               0               [1.00]
 784		0               0               [0.99]
 785		0               0               [0.95]
 786		0               1               [0.92]
 787		0               0               [0.99]
 788		0               0               [0.95]
 789		0               0               [0.97]
 790		0               0               [0.99]
 791		0               0               [0.95]
 792		0               0               [0.99]
 793		0               0               [0.95]
 794		0               0               [0.95]
 795		0               0               [0.95]
 796		0               0               [0.96]
 797		0               0               [0.95]
 798		0               0               [0.95]
 799		0               0               [0.95]
 800		0               0               [0.95]
 801		0               0               [0.76]
 802		0               0               [0.95]
 803		0               0               [0.99]
 804		0               0               [0.99]
 805		0               0               [0.95]
 806		0               0               [0.95]
 807		0               0               [0.95]
 808		0               0               [0.95]
 809		0               0               [0.96]
 810		0               0               [0.94]
 811		0               0               [0.84]
 812		0               0               [0.78]
 813		0               0               [1.00]
 814		0               0               [0.95]
 815		0               0               [0.95]
 816		0               1               [0.92]
 817		0               1               [0.92]
 818		0               1               [0.84]
 819		0               0               [0.95]
 820		0               1               [0.85]
 821		0               1               [0.94]
 822		0               0               [0.95]
 823		0               0               [0.95]
 824		0               0               [0.84]
 825		0               0               [0.95]
 826		0               0               [0.99]
 827		0               0               [1.00]
 828		0               0               [0.95]
 829		0               0               [0.84]
 830		0               0               [0.98]
 831		0               0               [1.00]
 832		0               0               [0.95]
 833		0               0               [1.00]
 834		0               0               [0.98]
 835		0               0               [1.00]
 836		0               1               [0.96]
 837		0               0               [0.98]
 838		0               0               [0.84]
 839		0               0               [0.84]
 840		0               0               [0.95]
 841		0               0               [0.95]
 842		0               1               [0.94]
 843		0               0               [0.96]
 844		0               0               [0.95]
 845		0               0               [1.00]
 846		0               1               [0.96]
 847		0               0               [0.95]
 848		0               1               [0.85]
 849		0               0               [0.95]
 850		0               0               [0.95]
 851		0               0               [0.97]
 852		0               1               [0.92]
 853		0               0               [1.00]
 854		0               1               [0.98]
 855		0               0               [0.95]
 856		0               1               [0.94]
 857		0               0               [0.95]
 858		0               0               [1.00]
 859		0               0               [0.95]
 860		0               0               [1.00]
 861		0               1               [0.96]
 862		0               0               [0.95]
 863		0               0               [0.95]
 864		0               0               [1.00]
 865		0               0               [0.95]
 866		0               0               [0.95]
 867		0               0               [0.97]
 868		0               0               [1.00]
 869		0               1               [0.93]
 870		0               0               [0.95]
 871		0               0               [0.95]
 872		0               0               [0.95]
 873		0               0               [0.95]
 874		0               0               [1.00]
 875		0               0               [0.95]
 876		0               1               [0.89]
 877		0               1               [0.85]
 878		0               0               [0.95]
 879		0               1               [0.92]
 880		0               0               [0.96]
 881		0               0               [0.97]
 882		0               0               [0.99]
 883		0               0               [0.99]
 884		0               0               [0.99]
 885		0               1               [0.96]
 886		0               0               [0.93]
 887		0               0               [0.95]
 888		0               1               [0.90]
 889		0               0               [0.95]
 890		0               1               [0.99]
 891		0               0               [0.93]
 892		0               0               [0.95]
 893		0               0               [0.95]
 894		0               1               [0.85]
 895		0               0               [0.98]
 896		0               0               [0.99]
 897		0               0               [0.99]
 898		0               0               [0.95]
 899		0               1               [0.95]
 900		0               0               [0.95]
 901		0               0               [0.95]
 902		0               0               [0.95]
 903		0               0               [0.95]
 904		0               0               [0.97]
 905		0               0               [0.95]
 906		0               0               [0.95]
 907		0               0               [0.95]
 908		0               0               [0.95]
 909		0               0               [0.93]
 910		0               0               [0.95]
 911		0               0               [0.95]
 912		0               0               [0.95]
 913		0               0               [0.95]
 914		0               0               [0.95]
 915		0               0               [0.99]
 916		0               0               [0.99]
 917		0               0               [0.95]
 918		0               0               [1.00]
 919		0               0               [0.84]
 920		0               0               [0.99]
 921		0               0               [0.95]
 922		0               0               [0.95]
 923		0               0               [0.95]
 924		0               1               [0.92]
 925		0               0               [0.91]
 926		0               0               [0.95]
 927		0               0               [1.00]
 928		0               1               [0.85]
 929		0               0               [0.95]
 930		0               0               [0.95]
 931		0               0               [0.98]
 932		0               0               [0.95]
 933		0               0               [0.95]
 934		0               0               [0.95]
 935		0               1               [0.99]
 936		0               0               [1.00]
 937		0               0               [1.00]
 938		0               0               [1.00]
 939		0               0               [0.84]
 940		0               0               [0.95]
 941		0               0               [1.00]
 942		0               0               [0.95]
 943		0               0               [0.95]
 944		0               0               [0.95]
 945		0               0               [0.95]
 946		0               0               [0.95]
 947		0               1               [0.86]
 948		0               0               [0.95]
 949		0               0               [0.95]
 950		0               0               [0.99]
 951		0               0               [0.95]
 952		0               0               [0.95]
 953		0               0               [0.95]
 954		0               0               [0.93]
 955		0               0               [0.95]
 956		0               1               [0.72]
 957		0               0               [0.95]
 958		0               1               [0.99]
 959		0               0               [0.95]
 960		0               0               [0.87]
 961		0               0               [0.95]
 962		0               0               [0.95]
 963		0               0               [0.98]
 964		0               0               [0.99]
 965		0               0               [0.95]
 966		0               0               [0.95]
 967		0               0               [0.99]
 968		0               1               [0.92]
 969		0               0               [0.96]
 970		0               1               [0.86]
 971		0               0               [0.95]
 972		0               1               [0.91]
 973		0               0               [0.95]
 974		0               0               [0.90]
 975		0               0               [0.95]
 976		0               0               [0.95]
 977		0               0               [0.95]
 978		0               0               [0.95]
 979		0               0               [1.00]
 980		0               0               [0.95]
 981		0               0               [0.95]
 982		0               0               [0.98]
 983		0               0               [0.98]
 984		0               0               [1.00]
 985		0               1               [1.00]
 986		0               0               [0.95]
 987		0               0               [0.95]
 988		0               1               [0.85]
 989		0               0               [0.95]
 990		0               1               [0.88]
 991		0               0               [0.98]
 992		0               0               [0.95]
 993		0               0               [0.96]
 994		0               1               [0.99]
 995		0               0               [0.95]
 996		0               0               [0.95]
 997		0               0               [1.00]
 998		0               1               [0.99]
 999		0               1               [0.97]
1000		0               0               [0.98]
1001		0               1               [0.98]
1002		0               0               [0.95]
1003		0               0               [0.95]
1004		0               0               [0.95]
1005		0               0               [1.00]
1006		0               0               [0.95]
1007		0               0               [0.95]
1008		0               0               [0.99]
1009		0               0               [0.95]
1010		0               0               [0.99]
1011		0               0               [1.00]
1012		0               0               [0.95]
1013		0               0               [0.95]
1014		0               0               [0.95]
1015		0               0               [0.98]
1016		0               0               [0.97]
1017		0               0               [0.95]
1018		0               0               [0.95]
1019		0               1               [0.97]
1020		0               0               [0.98]
1021		0               0               [0.95]
1022		0               0               [0.84]
1023		0               0               [0.95]
1024		0               0               [0.95]
1025		0               0               [0.84]
1026		0               0               [0.95]
1027		0               1               [1.00]
1028		0               1               [0.99]
1029		0               0               [0.98]
1030		0               0               [0.95]
1031		0               0               [0.95]
1032		0               0               [0.94]
1033		0               0               [0.99]
1034		0               1               [0.85]
1035		0               0               [0.99]
1036		0               1               [0.94]
1037		0               1               [0.92]
1038		0               0               [0.95]
1039		0               0               [0.95]
1040		0               0               [0.95]
1041		0               0               [0.84]
1042		0               0               [0.95]
1043		0               0               [0.99]
1044		0               1               [0.93]
1045		0               0               [0.95]
1046		0               0               [0.95]
1047		0               0               [0.95]
1048		0               0               [0.95]
1049		0               0               [1.00]
1050		0               0               [0.92]
1051		0               0               [0.99]
1052		0               0               [0.84]
1053		0               0               [1.00]
1054		0               0               [0.99]
1055		0               0               [0.84]
1056		0               0               [1.00]
1057		0               1               [0.99]
1058		0               0               [0.84]
1059		0               1               [0.97]
1060		0               0               [0.95]
1061		0               0               [0.96]
1062		0               1               [0.86]
1063		0               0               [0.95]
1064		0               0               [0.95]
1065		0               0               [0.95]
1066		0               0               [0.97]
1067		0               0               [0.99]
1068		0               0               [0.95]
1069		0               0               [0.95]
1070		0               0               [0.97]
1071		0               0               [0.99]
1072		0               0               [0.95]
1073		0               0               [0.96]
1074		0               0               [0.95]
1075		0               0               [0.99]
1076		0               1               [1.00]
1077		0               0               [0.98]
1078		0               0               [0.95]
1079		0               0               [0.93]
1080		0               0               [0.84]
1081		0               1               [0.99]
1082		0               0               [0.95]
1083		0               0               [0.99]
1084		0               0               [0.95]
1085		0               0               [1.00]
1086		0               1               [0.94]
1087		0               0               [0.99]
1088		0               0               [0.99]
1089		0               0               [0.95]
1090		0               0               [0.84]
1091		0               0               [1.00]
1092		0               0               [1.00]
1093		0               1               [0.88]
1094		0               0               [0.95]
1095		0               0               [0.95]
1096		0               0               [0.95]
1097		0               0               [0.97]
1098		0               1               [0.92]
1099		0               0               [0.95]
1100		0               0               [0.95]
1101		0               0               [0.84]
1102		0               0               [0.95]
1103		0               1               [0.99]
1104		0               0               [0.95]
1105		0               0               [0.95]
1106		0               0               [0.95]
1107		0               0               [0.86]
1108		0               0               [0.98]
1109		0               0               [0.95]
1110		0               0               [0.95]
1111		0               0               [0.95]
1112		0               0               [1.00]
1113		0               0               [0.95]
1114		0               0               [0.84]
1115		0               0               [0.95]
1116		0               0               [0.99]
1117		0               0               [0.98]
1118		0               0               [0.95]
1119		0               0               [0.95]
1120		0               0               [0.99]
1121		0               1               [0.99]
1122		0               0               [0.95]
1123		0               0               [1.00]
1124		0               0               [0.95]
1125		0               0               [0.95]
1126		0               1               [0.94]
1127		0               0               [0.84]
1128		0               0               [0.95]
1129		0               0               [0.95]
1130		0               1               [0.98]
1131		0               1               [0.94]
1132		0               0               [0.84]
1133		0               0               [0.95]
1134		0               0               [0.95]
1135		0               0               [0.95]
1136		0               0               [0.99]
1137		0               0               [0.84]
1138		0               0               [0.90]
1139		0               0               [0.95]
1140		0               1               [0.84]
1141		0               1               [0.97]
1142		0               1               [0.98]
1143		0               0               [0.99]
1144		0               1               [0.85]
1145		0               1               [0.92]
1146		0               0               [0.95]
1147		0               0               [0.95]
1148		0               0               [0.95]
1149		0               0               [0.95]
1150		0               0               [0.94]
1151		0               0               [0.95]
1152		0               0               [0.95]
1153		0               0               [0.95]
1154		0               0               [0.95]
1155		0               0               [1.00]
1156		0               0               [0.84]
1157		0               0               [0.99]
1158		0               0               [1.00]
1159		0               1               [0.85]
1160		0               0               [1.00]
1161		0               0               [0.97]
1162		0               0               [0.99]
1163		0               0               [0.98]
1164		0               0               [0.95]
1165		0               0               [0.95]
1166		0               0               [0.95]
1167		0               0               [0.95]
1168		0               0               [0.95]
1169		0               1               [0.94]
1170		0               0               [0.95]
1171		0               0               [0.97]
1172		0               0               [0.98]
1173		0               0               [0.95]
1174		0               1               [0.98]
1175		0               0               [0.97]
1176		0               0               [0.84]
1177		0               0               [0.95]
1178		0               0               [0.98]
1179		0               1               [0.92]
1180		0               0               [0.84]
1181		0               1               [0.85]
1182		0               1               [1.00]
1183		0               0               [0.97]
1184		0               0               [0.95]
1185		0               0               [0.95]
1186		0               0               [0.99]
1187		0               0               [0.95]
1188		0               0               [0.99]
1189		0               0               [0.97]
1190		0               0               [0.93]
1191		0               0               [0.95]
1192		0               0               [1.00]
1193		0               0               [0.95]
1194		0               0               [0.95]
1195		0               0               [1.00]
1196		0               0               [0.95]
1197		0               0               [0.95]
1198		0               0               [0.98]
1199		0               0               [0.95]
1200		0               0               [0.95]
1201		0               0               [0.94]
1202		0               0               [0.95]
1203		0               0               [0.95]
1204		0               0               [0.95]
1205		0               1               [0.85]
1206		0               0               [1.00]
1207		0               1               [0.92]
1208		0               0               [0.98]
1209		0               0               [0.92]
1210		0               1               [0.92]
1211		0               0               [0.98]
1212		0               1               [0.85]
1213		0               0               [0.98]
1214		0               0               [0.95]
1215		0               0               [0.95]
1216		0               0               [0.95]
1217		0               0               [0.95]
1218		0               0               [0.99]
1219		0               1               [0.97]
1220		0               0               [1.00]
1221		0               1               [0.92]
1222		0               1               [0.85]
1223		0               0               [0.95]
1224		0               0               [0.84]
1225		0               0               [0.95]
1226		0               0               [0.95]
1227		0               0               [0.98]
1228		0               0               [0.93]
1229		0               0               [0.99]
1230		0               0               [0.95]
1231		0               0               [0.95]
1232		0               0               [0.95]
1233		0               0               [0.99]
1234		0               0               [0.95]
1235		0               0               [0.99]
1236		0               0               [0.95]
1237		0               0               [0.95]
1238		0               0               [0.98]
1239		0               0               [0.95]
1240		0               0               [0.95]
1241		0               0               [0.95]
1242		0               1               [0.95]
1243		0               0               [0.98]
1244		0               1               [0.92]
1245		0               0               [0.99]
1246		0               0               [1.00]
