Case		Given		Predicted
 No		Class		Class

   1		1               0               [0.95]
   2		1               1               [0.99]
   3		1               0               [0.96]
   4		1               1               [0.99]
   5		1               1               [0.97]
   6		1               0               [0.97]
   7		1               1               [0.98]
   8		1               1               [0.99]
   9		1               1               [0.96]
  10		1               0               [0.96]
  11		1               0               [0.97]
  12		1               0               [0.97]
  13		1               0               [0.97]
  14		1               1               [0.96]
  15		1               1               [0.99]
  16		1               0               [0.95]
  17		1               1               [0.98]
  18		1               1               [0.99]
  19		1               1               [0.75]
  20		1               1               [0.99]
  21		1               1               [0.94]
  22		1               0               [0.97]
  23		1               0               [0.88]
  24		1               1               [0.90]
  25		1               0               [0.88]
  26		1               1               [0.99]
  27		1               1               [0.99]
  28		1               0               [0.97]
  29		1               1               [0.99]
  30		1               0               [0.90]
  31		1               1               [0.99]
  32		1               0               [0.89]
  33		1               1               [0.99]
  34		1               0               [0.94]
  35		1               1               [0.99]
  36		1               1               [0.97]
  37		1               1               [0.97]
  38		1               1               [0.99]
  39		1               0               [0.93]
  40		1               1               [0.96]
  41		1               1               [0.99]
  42		1               1               [0.99]
  43		1               1               [0.99]
  44		1               0               [0.96]
  45		1               0               [0.98]
  46		1               1               [0.99]
  47		1               1               [0.98]
  48		1               1               [0.96]
  49		1               1               [0.99]
  50		1               0               [0.88]
  51		1               0               [0.95]
  52		1               0               [0.88]
  53		1               1               [0.99]
  54		1               1               [0.99]
  55		1               0               [0.88]
  56		1               1               [0.97]
  57		1               0               [0.94]
  58		1               1               [0.99]
  59		1               1               [0.93]
  60		1               0               [0.98]
  61		1               1               [0.99]
  62		1               1               [0.99]
  63		1               0               [0.88]
  64		1               1               [0.97]
  65		1               0               [0.98]
  66		1               0               [0.98]
  67		1               1               [0.96]
  68		1               0               [0.98]
  69		1               1               [0.99]
  70		1               1               [0.88]
  71		1               1               [0.99]
  72		1               0               [0.95]
  73		1               1               [0.99]
  74		1               0               [0.97]
  75		1               0               [0.91]
  76		1               1               [0.99]
  77		1               1               [0.96]
  78		1               0               [0.98]
  79		1               1               [0.96]
  80		1               1               [0.88]
  81		1               1               [0.99]
  82		1               0               [0.98]
  83		1               1               [0.99]
  84		1               1               [0.96]
  85		1               1               [0.96]
  86		1               1               [0.99]
  87		1               1               [0.96]
  88		1               1               [0.99]
  89		1               1               [0.86]
  90		1               1               [0.99]
  91		1               1               [0.99]
  92		1               0               [0.95]
  93		1               0               [0.96]
  94		1               1               [0.98]
  95		1               0               [0.98]
  96		1               1               [0.99]
  97		1               1               [0.96]
  98		1               1               [0.88]
  99		1               1               [0.99]
 100		1               0               [0.91]
 101		1               1               [0.94]
 102		1               1               [0.99]
 103		1               0               [0.95]
 104		1               1               [0.99]
 105		1               0               [0.98]
 106		1               1               [0.95]
 107		1               0               [0.98]
 108		1               0               [0.97]
 109		1               1               [0.92]
 110		1               1               [0.96]
 111		1               1               [0.96]
 112		1               0               [0.91]
 113		1               0               [0.97]
 114		1               1               [0.96]
 115		1               0               [0.91]
 116		1               1               [0.97]
 117		1               1               [0.99]
 118		1               0               [0.97]
 119		1               1               [0.99]
 120		1               0               [0.97]
 121		1               1               [0.99]
 122		1               1               [0.99]
 123		1               1               [0.92]
 124		1               1               [0.99]
 125		1               0               [0.98]
 126		1               1               [0.99]
 127		1               0               [0.98]
 128		1               1               [0.99]
 129		1               1               [0.96]
 130		1               1               [0.96]
 131		1               1               [0.99]
 132		1               1               [0.99]
 133		1               1               [0.97]
 134		1               1               [0.99]
 135		1               1               [0.99]
 136		1               0               [0.97]
 137		1               1               [0.96]
 138		1               1               [0.99]
 139		1               0               [0.97]
 140		1               1               [0.92]
 141		1               1               [0.96]
 142		1               1               [0.99]
 143		1               1               [0.99]
 144		1               0               [0.97]
 145		1               0               [0.98]
 146		1               1               [0.96]
 147		1               0               [0.98]
 148		1               1               [0.99]
 149		1               0               [0.98]
 150		1               1               [0.99]
 151		1               1               [0.97]
 152		1               0               [0.97]
 153		1               0               [0.91]
 154		1               1               [0.99]
 155		1               1               [0.99]
 156		1               0               [0.98]
 157		1               1               [0.99]
 158		1               1               [0.99]
 159		1               1               [0.99]
 160		1               1               [0.99]
 161		1               1               [0.99]
 162		1               1               [0.99]
 163		1               1               [0.99]
 164		1               1               [0.99]
 165		1               1               [0.98]
 166		1               1               [0.99]
 167		1               0               [0.98]
 168		1               0               [0.95]
 169		1               0               [1.00]
 170		1               1               [0.99]
 171		1               0               [0.96]
 172		1               0               [0.95]
 173		1               1               [0.99]
 174		1               0               [0.97]
 175		1               0               [0.95]
 176		1               1               [0.99]
 177		1               1               [0.97]
 178		1               1               [0.99]
 179		1               1               [0.92]
 180		1               1               [0.95]
 181		1               1               [0.98]
 182		1               1               [0.88]
 183		1               0               [0.96]
 184		1               1               [0.99]
 185		1               1               [0.99]
 186		1               0               [0.97]
 187		1               0               [0.91]
 188		1               1               [0.99]
 189		1               0               [0.97]
 190		1               1               [0.75]
 191		1               1               [0.99]
 192		1               1               [0.97]
 193		1               0               [0.95]
 194		1               0               [0.95]
 195		1               0               [0.98]
 196		1               1               [0.92]
 197		1               1               [0.99]
 198		1               1               [0.99]
 199		1               1               [0.99]
 200		1               1               [0.92]
 201		1               0               [0.98]
 202		1               1               [0.92]
 203		1               1               [0.99]
 204		1               1               [0.92]
 205		1               1               [0.99]
 206		1               1               [0.96]
 207		1               0               [0.97]
 208		1               1               [0.96]
 209		1               1               [0.92]
 210		1               0               [0.98]
 211		1               1               [0.85]
 212		1               1               [0.98]
 213		1               0               [0.97]
 214		1               0               [0.91]
 215		1               0               [0.91]
 216		1               0               [0.96]
 217		1               1               [0.92]
 218		1               1               [0.99]
 219		1               1               [0.99]
 220		1               1               [0.99]
 221		1               0               [0.94]
 222		1               1               [0.99]
 223		1               1               [0.99]
 224		1               0               [0.96]
 225		1               1               [0.99]
 226		1               1               [0.92]
 227		1               0               [0.99]
 228		1               1               [0.99]
 229		1               1               [0.97]
 230		1               1               [0.97]
 231		1               0               [0.97]
 232		1               0               [0.95]
 233		1               1               [0.99]
 234		1               1               [0.99]
 235		1               1               [0.95]
 236		1               1               [0.99]
 237		1               1               [0.93]
 238		1               1               [0.99]
 239		1               0               [0.93]
 240		1               1               [0.99]
 241		1               1               [0.96]
 242		1               1               [0.94]
 243		1               0               [0.94]
 244		1               1               [0.96]
 245		1               0               [0.97]
 246		1               1               [0.94]
 247		1               1               [0.99]
 248		1               0               [0.95]
 249		1               1               [0.99]
 250		1               1               [0.99]
 251		1               1               [0.99]
 252		1               0               [0.97]
 253		1               1               [0.99]
 254		1               1               [0.99]
 255		1               1               [0.96]
 256		1               1               [0.99]
 257		1               1               [0.99]
 258		1               0               [0.96]
 259		1               1               [0.99]
 260		1               1               [0.96]
 261		1               1               [0.96]
 262		1               1               [0.97]
 263		1               0               [0.97]
 264		1               0               [0.95]
 265		1               1               [0.96]
 266		1               0               [0.91]
 267		1               1               [0.99]
 268		1               1               [0.99]
 269		1               0               [0.84]
 270		1               0               [0.97]
 271		1               1               [0.99]
 272		1               1               [0.99]
 273		1               0               [0.95]
 274		1               0               [0.93]
 275		1               0               [0.98]
 276		1               1               [0.96]
 277		1               1               [0.95]
 278		1               1               [0.99]
 279		1               1               [0.99]
 280		1               0               [0.97]
 281		1               0               [0.94]
 282		1               1               [0.99]
 283		1               1               [0.99]
 284		1               0               [0.97]
 285		1               1               [0.99]
 286		1               1               [0.93]
 287		1               1               [0.99]
 288		1               1               [0.88]
 289		1               0               [0.95]
 290		1               0               [0.97]
 291		1               0               [0.94]
 292		1               1               [0.99]
 293		1               0               [0.95]
 294		1               1               [0.91]
 295		1               1               [0.96]
 296		1               1               [0.99]
 297		1               1               [0.99]
 298		1               1               [0.99]
 299		1               1               [0.94]
 300		1               0               [0.98]
 301		1               1               [0.96]
 302		1               1               [0.92]
 303		1               1               [0.99]
 304		1               0               [0.91]
 305		1               1               [0.99]
 306		1               1               [0.99]
 307		1               1               [0.97]
 308		1               1               [0.99]
 309		1               0               [0.93]
 310		1               0               [0.91]
 311		1               1               [0.99]
 312		1               1               [0.94]
 313		1               1               [0.99]
 314		1               1               [0.99]
 315		1               1               [0.99]
 316		1               1               [0.92]
 317		1               1               [0.99]
 318		1               1               [0.99]
 319		1               1               [0.96]
 320		1               0               [0.99]
 321		1               1               [0.99]
 322		1               1               [0.99]
 323		1               0               [0.98]
 324		1               0               [0.95]
 325		1               0               [0.97]
 326		1               1               [0.92]
 327		1               1               [0.98]
 328		1               0               [0.98]
 329		1               1               [0.82]
 330		1               0               [0.91]
 331		1               0               [0.91]
 332		1               0               [1.00]
 333		1               0               [0.97]
 334		1               0               [0.95]
 335		1               1               [0.99]
 336		1               1               [0.99]
 337		1               1               [0.99]
 338		1               0               [0.89]
 339		1               1               [0.88]
 340		1               0               [0.91]
 341		1               1               [0.99]
 342		1               0               [0.89]
 343		1               1               [0.99]
 344		1               0               [0.95]
 345		1               0               [0.96]
 346		1               1               [0.99]
 347		1               1               [0.98]
 348		1               1               [0.99]
 349		1               1               [0.99]
 350		1               1               [0.98]
 351		1               1               [0.98]
 352		1               1               [0.99]
 353		1               0               [0.98]
 354		1               0               [0.97]
 355		1               1               [0.97]
 356		0               1               [0.98]
 357		0               0               [0.97]
 358		0               0               [0.97]
 359		0               0               [0.95]
 360		0               0               [0.92]
 361		0               0               [0.99]
 362		0               0               [0.95]
 363		0               0               [0.99]
 364		0               1               [0.88]
 365		0               0               [0.98]
 366		0               0               [0.99]
 367		0               0               [0.99]
 368		0               0               [0.99]
 369		0               0               [0.99]
 370		0               0               [0.98]
 371		0               0               [0.99]
 372		0               0               [0.99]
 373		0               0               [0.99]
 374		0               0               [0.98]
 375		0               0               [0.95]
 376		0               1               [0.88]
 377		0               1               [0.96]
 378		0               1               [0.88]
 379		0               0               [0.99]
 380		0               0               [0.99]
 381		0               1               [0.88]
 382		0               1               [0.98]
 383		0               0               [1.00]
 384		0               0               [0.98]
 385		0               0               [1.00]
 386		0               0               [0.93]
 387		0               0               [0.99]
 388		0               1               [0.96]
 389		0               0               [0.95]
 390		0               1               [0.94]
 391		0               0               [0.96]
 392		0               0               [0.95]
 393		0               0               [0.97]
 394		0               0               [0.99]
 395		0               1               [0.88]
 396		0               0               [0.99]
 397		0               0               [0.99]
 398		0               0               [0.99]
 399		0               0               [0.95]
 400		0               1               [0.96]
 401		0               0               [0.96]
 402		0               0               [0.84]
 403		0               0               [0.98]
 404		0               0               [0.95]
 405		0               0               [0.99]
 406		0               0               [1.00]
 407		0               0               [0.96]
 408		0               0               [0.98]
 409		0               0               [0.97]
 410		0               0               [0.99]
 411		0               0               [0.99]
 412		0               0               [0.99]
 413		0               0               [0.97]
 414		0               0               [0.99]
 415		0               1               [0.94]
 416		0               0               [0.99]
 417		0               0               [0.98]
 418		0               0               [0.99]
 419		0               0               [1.00]
 420		0               1               [0.82]
 421		0               1               [0.92]
 422		0               0               [0.99]
 423		0               1               [0.93]
 424		0               1               [0.96]
 425		0               0               [1.00]
 426		0               0               [1.00]
 427		0               0               [0.96]
 428		0               0               [0.99]
 429		0               0               [0.98]
 430		0               1               [0.98]
 431		0               0               [0.98]
 432		0               0               [0.88]
 433		0               1               [0.98]
 434		0               1               [0.64]
 435		0               0               [0.98]
 436		0               0               [0.99]
 437		0               0               [0.99]
 438		0               0               [0.94]
 439		0               0               [0.99]
 440		0               0               [0.99]
 441		0               0               [0.97]
 442		0               0               [0.96]
 443		0               0               [1.00]
 444		0               1               [0.64]
 445		0               1               [0.88]
 446		0               0               [0.97]
 447		0               0               [0.98]
 448		0               0               [0.99]
 449		0               1               [0.94]
 450		0               0               [0.99]
 451		0               0               [0.96]
 452		0               0               [0.99]
 453		0               1               [0.99]
 454		0               1               [0.88]
 455		0               0               [0.99]
 456		0               1               [0.96]
 457		0               0               [0.98]
 458		0               1               [0.64]
 459		0               0               [0.95]
 460		0               1               [0.88]
 461		0               0               [1.00]
 462		0               0               [0.95]
 463		0               0               [0.98]
 464		0               0               [0.99]
 465		0               1               [0.92]
 466		0               0               [0.99]
 467		0               0               [0.99]
 468		0               0               [0.99]
 469		0               1               [0.96]
 470		0               0               [0.97]
 471		0               0               [0.99]
 472		0               0               [0.91]
 473		0               1               [0.97]
 474		0               0               [0.99]
 475		0               1               [0.92]
 476		0               0               [0.99]
 477		0               0               [0.97]
 478		0               1               [0.95]
 479		0               1               [0.97]
 480		0               0               [0.98]
 481		0               1               [0.99]
 482		0               0               [0.99]
 483		0               0               [0.95]
 484		0               0               [0.97]
 485		0               0               [0.95]
 486		0               1               [0.96]
 487		0               0               [0.90]
 488		0               0               [0.98]
 489		0               0               [0.99]
 490		0               0               [0.99]
 491		0               0               [1.00]
 492		0               0               [1.00]
 493		0               0               [0.98]
 494		0               0               [0.99]
 495		0               0               [1.00]
 496		0               0               [0.98]
 497		0               0               [0.97]
 498		0               1               [0.75]
 499		0               0               [0.98]
 500		0               0               [0.98]
 501		0               0               [0.99]
 502		0               1               [0.98]
 503		0               0               [0.99]
 504		0               0               [0.90]
 505		0               0               [0.99]
 506		0               0               [1.00]
 507		0               1               [0.93]
 508		0               0               [0.95]
 509		0               0               [0.99]
 510		0               0               [0.92]
 511		0               1               [0.64]
 512		0               0               [0.99]
 513		0               1               [0.88]
 514		0               0               [0.97]
 515		0               0               [0.97]
 516		0               0               [0.99]
 517		0               0               [0.97]
 518		0               0               [0.95]
 519		0               0               [0.99]
 520		0               0               [0.99]
 521		0               0               [0.95]
 522		0               0               [1.00]
 523		0               0               [0.99]
 524		0               0               [1.00]
 525		0               0               [1.00]
 526		0               0               [0.98]
 527		0               1               [0.94]
 528		0               0               [0.97]
 529		0               0               [0.99]
 530		0               0               [0.98]
 531		0               0               [1.00]
 532		0               1               [0.75]
 533		0               1               [0.95]
 534		0               1               [0.75]
 535		0               0               [0.99]
 536		0               0               [0.99]
 537		0               0               [0.98]
 538		0               0               [0.97]
 539		0               0               [0.98]
 540		0               1               [0.94]
 541		0               0               [0.98]
 542		0               1               [0.91]
 543		0               1               [0.98]
 544		0               1               [0.94]
 545		0               1               [0.91]
 546		0               1               [0.99]
 547		0               0               [0.91]
 548		0               0               [0.99]
 549		0               0               [0.95]
 550		0               1               [0.99]
 551		0               0               [0.97]
 552		0               0               [0.98]
 553		0               0               [1.00]
 554		0               0               [0.98]
 555		0               0               [0.98]
 556		0               0               [0.95]
 557		0               0               [0.98]
 558		0               1               [0.88]
 559		0               0               [1.00]
 560		0               0               [0.96]
 561		0               1               [0.97]
 562		0               0               [0.97]
 563		0               0               [1.00]
 564		0               0               [0.99]
 565		0               0               [0.99]
 566		0               0               [0.99]
 567		0               1               [0.99]
 568		0               0               [1.00]
 569		0               0               [1.00]
 570		0               0               [1.00]
 571		0               1               [0.96]
 572		0               1               [0.94]
 573		0               0               [0.97]
 574		0               0               [1.00]
 575		0               0               [0.99]
 576		0               0               [0.98]
 577		0               1               [0.93]
 578		0               0               [0.97]
 579		0               1               [0.99]
 580		0               0               [0.98]
 581		0               1               [0.88]
 582		0               0               [0.98]
 583		0               0               [1.00]
 584		0               1               [0.88]
 585		0               0               [0.97]
 586		0               0               [0.98]
 587		0               0               [0.98]
 588		0               1               [0.95]
 589		0               0               [0.95]
 590		0               0               [0.99]
 591		0               0               [0.98]
 592		0               0               [0.96]
 593		0               0               [0.88]
 594		0               0               [1.00]
 595		0               1               [0.92]
 596		0               1               [0.99]
 597		0               1               [0.88]
 598		0               1               [0.98]
 599		0               1               [0.93]
 600		0               0               [0.98]
 601		0               0               [0.99]
 602		0               0               [0.97]
 603		0               0               [0.97]
 604		0               1               [0.94]
 605		0               0               [1.00]
 606		0               0               [0.97]
 607		0               1               [0.92]
 608		0               1               [0.92]
 609		0               0               [0.95]
 610		0               0               [0.98]
 611		0               0               [0.99]
 612		0               0               [0.99]
 613		0               0               [1.00]
 614		0               0               [0.98]
 615		0               0               [0.95]
 616		0               0               [0.95]
 617		0               0               [1.00]
 618		0               0               [0.95]
 619		0               1               [0.85]
 620		0               1               [0.85]
 621		0               1               [0.99]
 622		0               0               [0.90]
 623		0               0               [0.98]
 624		0               0               [1.00]
 625		0               0               [0.85]
 626		0               1               [0.88]
 627		0               0               [0.99]
 628		0               0               [0.97]
 629		0               0               [0.98]
 630		0               0               [0.97]
 631		0               0               [0.98]
 632		0               0               [0.97]
 633		0               1               [0.93]
 634		0               1               [0.95]
 635		0               0               [1.00]
 636		0               0               [0.98]
 637		0               1               [0.88]
 638		0               0               [0.98]
 639		0               0               [0.99]
 640		0               0               [0.98]
 641		0               0               [0.94]
 642		0               0               [0.99]
 643		0               0               [0.99]
 644		0               0               [0.99]
 645		0               1               [0.97]
 646		0               1               [0.92]
 647		0               0               [0.98]
 648		0               0               [0.97]
 649		0               0               [0.95]
 650		0               1               [0.97]
 651		0               1               [0.99]
 652		0               0               [1.00]
 653		0               0               [0.93]
 654		0               1               [0.99]
 655		0               0               [0.97]
 656		0               0               [1.00]
 657		0               0               [1.00]
 658		0               0               [0.98]
 659		0               0               [0.94]
 660		0               1               [0.98]
 661		0               0               [0.96]
 662		0               0               [1.00]
 663		0               0               [1.00]
 664		0               1               [0.96]
 665		0               1               [0.99]
 666		0               0               [0.96]
 667		0               0               [0.96]
 668		0               0               [0.99]
 669		0               1               [0.96]
 670		0               1               [0.99]
 671		0               0               [0.99]
 672		0               1               [0.96]
 673		0               1               [0.92]
 674		0               0               [0.98]
 675		0               0               [0.98]
 676		0               1               [0.75]
 677		0               0               [0.98]
 678		0               1               [0.95]
 679		0               0               [1.00]
 680		0               0               [1.00]
 681		0               0               [0.96]
 682		0               0               [1.00]
 683		0               0               [1.00]
 684		0               0               [1.00]
 685		0               0               [1.00]
 686		0               0               [1.00]
 687		0               0               [1.00]
 688		0               0               [1.00]
 689		0               0               [1.00]
 690		0               0               [0.98]
 691		0               0               [1.00]
 692		0               0               [1.00]
 693		0               0               [1.00]
 694		0               0               [0.99]
 695		0               1               [0.99]
 696		0               0               [0.98]
 697		0               0               [0.94]
 698		0               0               [1.00]
 699		0               1               [0.99]
 700		0               0               [0.97]
 701		0               1               [0.96]
 702		0               0               [0.97]
 703		0               0               [1.00]
 704		0               1               [0.99]
 705		0               0               [0.97]
 706		0               0               [0.98]
 707		0               0               [0.97]
 708		0               0               [0.98]
 709		0               1               [0.88]
 710		0               0               [0.96]
 711		0               0               [1.00]
 712		0               0               [1.00]
 713		0               0               [1.00]
 714		0               0               [1.00]
 715		0               0               [0.96]
 716		0               0               [0.93]
 717		0               0               [1.00]
 718		0               0               [1.00]
 719		0               0               [0.99]
 720		0               0               [0.97]
 721		0               0               [0.96]
 722		0               0               [0.94]
 723		0               0               [1.00]
 724		0               0               [1.00]
 725		0               0               [1.00]
 726		0               1               [0.85]
 727		0               1               [0.95]
 728		0               0               [0.99]
 729		0               0               [0.98]
 730		0               0               [0.98]
 731		0               0               [0.98]
 732		0               0               [0.95]
 733		0               0               [1.00]
 734		0               0               [0.98]
 735		0               0               [0.95]
 736		0               0               [0.98]
 737		0               1               [0.91]
 738		0               0               [1.00]
 739		0               0               [1.00]
 740		0               0               [0.96]
 741		0               0               [1.00]
 742		0               0               [0.98]
 743		0               0               [0.98]
 744		0               0               [0.98]
 745		0               0               [0.98]
 746		0               1               [0.88]
 747		0               0               [1.00]
 748		0               0               [0.99]
 749		0               0               [0.96]
 750		0               0               [0.90]
 751		0               0               [0.99]
 752		0               0               [1.00]
 753		0               0               [1.00]
 754		0               0               [0.98]
 755		0               0               [0.99]
 756		0               0               [1.00]
 757		0               1               [0.93]
 758		0               0               [1.00]
 759		0               1               [0.93]
 760		0               1               [0.88]
 761		0               0               [0.95]
 762		0               0               [1.00]
 763		0               1               [0.88]
 764		0               0               [1.00]
 765		0               1               [0.95]
 766		0               0               [1.00]
 767		0               0               [0.98]
 768		0               0               [1.00]
 769		0               0               [0.99]
 770		0               0               [1.00]
 771		0               0               [0.97]
 772		0               0               [1.00]
 773		0               0               [1.00]
 774		0               0               [0.98]
 775		0               0               [1.00]
 776		0               1               [0.93]
 777		0               0               [1.00]
 778		0               0               [0.98]
 779		0               1               [0.96]
 780		0               0               [0.97]
 781		0               0               [1.00]
 782		0               0               [0.94]
 783		0               0               [0.91]
 784		0               0               [1.00]
 785		0               0               [0.98]
 786		0               0               [1.00]
 787		0               0               [0.99]
 788		0               0               [1.00]
 789		0               1               [0.95]
 790		0               0               [0.94]
 791		0               0               [0.98]
 792		0               0               [0.95]
 793		0               0               [1.00]
 794		0               1               [0.87]
 795		0               0               [1.00]
 796		0               0               [0.96]
 797		0               0               [1.00]
 798		0               0               [1.00]
 799		0               0               [1.00]
 800		0               0               [0.99]
 801		0               1               [0.99]
 802		0               1               [0.94]
 803		0               0               [1.00]
 804		0               0               [1.00]
 805		0               0               [0.96]
 806		0               0               [1.00]
 807		0               0               [0.93]
 808		0               0               [0.97]
 809		0               0               [0.96]
 810		0               1               [0.92]
 811		0               0               [0.99]
 812		0               1               [0.99]
 813		0               0               [1.00]
 814		0               0               [0.98]
 815		0               0               [0.98]
 816		0               1               [0.98]
 817		0               0               [1.00]
 818		0               0               [0.98]
 819		0               0               [1.00]
 820		0               0               [0.96]
 821		0               0               [1.00]
 822		0               0               [0.99]
 823		0               0               [0.98]
 824		0               0               [1.00]
 825		0               0               [1.00]
 826		0               0               [1.00]
 827		0               0               [0.98]
 828		0               1               [0.75]
 829		0               0               [0.94]
 830		0               0               [0.98]
 831		0               0               [0.95]
 832		0               0               [0.98]
 833		0               0               [1.00]
 834		0               1               [0.96]
 835		0               0               [1.00]
 836		0               0               [0.93]
 837		0               1               [0.97]
 838		0               0               [1.00]
 839		0               0               [0.94]
 840		0               0               [1.00]
 841		0               0               [1.00]
 842		0               0               [0.91]
 843		0               1               [0.99]
 844		0               0               [0.94]
 845		0               0               [1.00]
 846		0               0               [0.97]
 847		0               0               [1.00]
 848		0               0               [0.98]
 849		0               0               [1.00]
 850		0               0               [0.98]
 851		0               0               [0.93]
 852		0               0               [0.95]
 853		0               1               [0.75]
 854		0               1               [0.91]
 855		0               0               [1.00]
 856		0               0               [0.98]
 857		0               0               [0.98]
 858		0               0               [1.00]
 859		0               0               [0.98]
 860		0               0               [0.98]
 861		0               0               [0.98]
 862		0               1               [0.91]
 863		0               0               [1.00]
 864		0               0               [1.00]
 865		0               0               [1.00]
 866		0               0               [1.00]
 867		0               0               [0.95]
 868		0               1               [0.75]
 869		0               0               [0.91]
 870		0               0               [0.96]
 871		0               1               [0.88]
 872		0               0               [0.94]
 873		0               0               [1.00]
 874		0               0               [0.98]
 875		0               0               [1.00]
 876		0               1               [0.99]
 877		0               0               [0.98]
 878		0               0               [0.95]
 879		0               0               [0.96]
 880		0               0               [0.97]
 881		0               1               [0.88]
 882		0               0               [0.98]
 883		0               0               [1.00]
 884		0               1               [0.90]
 885		0               1               [0.98]
 886		0               1               [0.96]
 887		0               0               [1.00]
 888		0               0               [0.96]
 889		0               0               [0.99]
 890		0               1               [0.92]
 891		0               0               [1.00]
 892		0               0               [1.00]
 893		0               1               [0.91]
 894		0               0               [0.98]
 895		0               0               [0.98]
 896		0               0               [1.00]
 897		0               0               [0.96]
 898		0               0               [0.94]
 899		0               1               [0.98]
 900		0               0               [1.00]
 901		0               0               [0.96]
 902		0               0               [1.00]
 903		0               0               [0.96]
 904		0               0               [0.97]
 905		0               0               [0.97]
 906		0               0               [1.00]
 907		0               1               [0.75]
 908		0               0               [1.00]
 909		0               0               [0.98]
 910		0               0               [0.98]
 911		0               0               [1.00]
 912		0               0               [0.99]
 913		0               0               [0.99]
 914		0               1               [0.91]
 915		0               0               [0.93]
 916		0               0               [0.98]
 917		0               0               [0.98]
 918		0               1               [0.64]
 919		0               0               [1.00]
 920		0               0               [1.00]
 921		0               0               [1.00]
 922		0               0               [0.98]
 923		0               0               [0.96]
 924		0               0               [0.97]
 925		0               1               [0.82]
 926		0               1               [0.93]
 927		0               0               [0.98]
 928		0               0               [0.94]
 929		0               1               [0.88]
 930		0               0               [0.96]
 931		0               1               [0.98]
 932		0               0               [0.98]
 933		0               0               [1.00]
 934		0               0               [0.99]
 935		0               1               [0.99]
 936		0               0               [0.97]
 937		0               0               [0.91]
 938		0               0               [0.96]
 939		0               1               [0.88]
 940		0               1               [0.82]
 941		0               0               [0.99]
 942		0               0               [0.98]
 943		0               0               [1.00]
 944		0               0               [0.96]
 945		0               0               [1.00]
 946		0               0               [0.94]
 947		0               1               [0.92]
 948		0               0               [0.99]
 949		0               0               [0.98]
 950		0               0               [1.00]
 951		0               0               [0.99]
 952		0               0               [0.98]
 953		0               0               [1.00]
 954		0               1               [0.96]
 955		0               0               [0.96]
 956		0               0               [0.97]
 957		0               0               [1.00]
 958		0               1               [0.99]
 959		0               1               [0.95]
 960		0               1               [0.99]
 961		0               0               [1.00]
 962		0               0               [0.99]
 963		0               0               [1.00]
 964		0               0               [0.94]
 965		0               0               [1.00]
 966		0               1               [0.91]
 967		0               0               [0.99]
 968		0               0               [0.97]
 969		0               0               [0.99]
 970		0               1               [0.91]
 971		0               0               [0.98]
 972		0               0               [1.00]
 973		0               0               [0.94]
 974		0               0               [0.96]
 975		0               0               [0.98]
 976		0               0               [0.94]
 977		0               0               [0.98]
 978		0               0               [0.98]
 979		0               1               [0.94]
 980		0               1               [0.92]
 981		0               0               [0.98]
 982		0               0               [0.96]
 983		0               0               [0.94]
 984		0               0               [1.00]
 985		0               0               [0.98]
 986		0               0               [1.00]
 987		0               1               [0.94]
 988		0               1               [0.93]
 989		0               0               [0.96]
 990		0               1               [0.96]
 991		0               0               [0.99]
 992		0               0               [0.91]
 993		0               0               [0.98]
 994		0               0               [0.98]
 995		0               0               [0.98]
 996		0               0               [1.00]
 997		0               0               [1.00]
 998		0               0               [0.98]
 999		0               1               [0.99]
1000		0               0               [0.96]
1001		0               0               [0.97]
1002		0               1               [0.99]
1003		0               0               [0.99]
1004		0               0               [0.98]
1005		0               0               [1.00]
1006		0               0               [1.00]
1007		0               1               [0.92]
1008		0               0               [1.00]
1009		0               0               [0.98]
1010		0               0               [1.00]
1011		0               0               [1.00]
1012		0               0               [1.00]
1013		0               1               [0.88]
1014		0               1               [0.75]
1015		0               0               [0.98]
1016		0               0               [0.93]
1017		0               0               [1.00]
1018		0               0               [1.00]
1019		0               1               [0.99]
1020		0               1               [0.99]
1021		0               0               [0.97]
1022		0               0               [1.00]
1023		0               0               [0.96]
1024		0               0               [1.00]
1025		0               1               [0.91]
1026		0               0               [1.00]
1027		0               1               [0.96]
1028		0               0               [0.95]
1029		0               0               [0.99]
1030		0               0               [1.00]
1031		0               0               [1.00]
1032		0               0               [0.97]
1033		0               0               [0.98]
1034		0               0               [0.98]
1035		0               0               [0.97]
1036		0               0               [0.98]
1037		0               0               [0.91]
1038		0               0               [0.94]
1039		0               0               [1.00]
1040		0               0               [1.00]
1041		0               0               [1.00]
1042		0               0               [0.94]
1043		0               1               [0.93]
1044		0               0               [0.98]
1045		0               0               [1.00]
1046		0               0               [0.97]
1047		0               0               [0.99]
1048		0               0               [0.98]
1049		0               0               [0.91]
1050		0               0               [0.91]
1051		0               0               [1.00]
1052		0               0               [0.94]
1053		0               0               [1.00]
1054		0               0               [0.96]
1055		0               0               [0.96]
1056		0               0               [1.00]
1057		0               1               [0.99]
1058		0               0               [1.00]
1059		0               0               [0.98]
1060		0               0               [0.99]
1061		0               1               [0.91]
1062		0               0               [0.98]
1063		0               0               [0.98]
1064		0               1               [0.88]
1065		0               0               [1.00]
1066		0               0               [0.98]
1067		0               0               [0.98]
1068		0               0               [0.99]
1069		0               0               [1.00]
1070		0               0               [0.98]
1071		0               0               [0.99]
1072		0               0               [1.00]
1073		0               1               [0.91]
1074		0               0               [1.00]
1075		0               0               [1.00]
1076		0               1               [0.99]
1077		0               0               [0.98]
1078		0               0               [0.98]
1079		0               0               [1.00]
1080		0               0               [0.96]
1081		0               1               [0.88]
1082		0               0               [0.96]
1083		0               0               [0.95]
1084		0               0               [0.98]
1085		0               0               [1.00]
1086		0               0               [0.98]
1087		0               0               [0.98]
1088		0               0               [1.00]
1089		0               0               [1.00]
1090		0               0               [0.94]
1091		0               0               [1.00]
1092		0               0               [1.00]
1093		0               0               [0.97]
1094		0               0               [0.96]
1095		0               0               [1.00]
1096		0               0               [0.99]
1097		0               0               [0.95]
1098		0               0               [1.00]
1099		0               0               [1.00]
1100		0               0               [1.00]
1101		0               0               [0.94]
1102		0               0               [1.00]
1103		0               1               [0.99]
1104		0               0               [1.00]
1105		0               0               [0.96]
1106		0               0               [1.00]
1107		0               0               [0.98]
1108		0               0               [0.93]
1109		0               0               [1.00]
1110		0               0               [0.96]
1111		0               0               [0.99]
1112		0               0               [1.00]
1113		0               0               [0.96]
1114		0               0               [1.00]
1115		0               0               [0.98]
1116		0               0               [0.98]
1117		0               0               [0.99]
1118		0               0               [0.96]
1119		0               1               [0.96]
1120		0               0               [1.00]
1121		0               0               [0.98]
1122		0               0               [0.97]
1123		0               0               [1.00]
1124		0               0               [0.94]
1125		0               0               [1.00]
1126		0               1               [0.88]
1127		0               0               [1.00]
1128		0               0               [1.00]
1129		0               0               [0.98]
1130		0               1               [0.99]
1131		0               1               [0.99]
1132		0               0               [0.96]
1133		0               0               [0.99]
1134		0               0               [0.99]
1135		0               1               [0.88]
1136		0               1               [0.87]
1137		0               0               [0.94]
1138		0               1               [0.92]
1139		0               0               [0.98]
1140		0               0               [0.98]
1141		0               0               [1.00]
1142		0               0               [0.96]
1143		0               1               [0.88]
1144		0               1               [0.93]
1145		0               0               [0.98]
1146		0               1               [0.82]
1147		0               0               [1.00]
1148		0               0               [0.94]
1149		0               0               [0.94]
1150		0               0               [1.00]
1151		0               0               [0.96]
1152		0               0               [0.99]
1153		0               0               [1.00]
1154		0               0               [0.91]
1155		0               0               [1.00]
1156		0               0               [1.00]
1157		0               0               [0.99]
1158		0               0               [1.00]
1159		0               0               [0.99]
1160		0               0               [1.00]
1161		0               1               [0.99]
1162		0               0               [1.00]
1163		0               0               [1.00]
1164		0               0               [0.99]
1165		0               0               [1.00]
1166		0               0               [0.96]
1167		0               0               [1.00]
1168		0               0               [0.96]
1169		0               0               [0.98]
1170		0               0               [1.00]
1171		0               0               [0.96]
1172		0               0               [0.98]
1173		0               0               [0.96]
1174		0               1               [0.85]
1175		0               1               [0.92]
1176		0               0               [0.99]
1177		0               0               [0.98]
1178		0               1               [0.97]
1179		0               0               [1.00]
1180		0               0               [0.94]
1181		0               0               [0.96]
1182		0               0               [0.98]
1183		0               0               [0.98]
1184		0               1               [0.75]
1185		0               0               [0.93]
1186		0               0               [0.97]
1187		0               1               [0.82]
1188		0               0               [0.98]
1189		0               0               [0.95]
1190		0               0               [0.95]
1191		0               0               [0.98]
1192		0               0               [0.96]
1193		0               0               [1.00]
1194		0               0               [0.98]
1195		0               0               [1.00]
1196		0               0               [0.99]
1197		0               0               [0.96]
1198		0               0               [0.97]
1199		0               0               [1.00]
1200		0               0               [1.00]
1201		0               1               [0.92]
1202		0               0               [1.00]
1203		0               0               [0.99]
1204		0               1               [0.96]
1205		0               0               [0.98]
1206		0               0               [0.98]
1207		0               0               [0.98]
1208		0               0               [0.98]
1209		0               0               [0.98]
1210		0               1               [0.97]
1211		0               0               [0.96]
1212		0               0               [0.96]
1213		0               0               [1.00]
1214		0               0               [1.00]
1215		0               0               [1.00]
1216		0               0               [1.00]
1217		0               0               [0.98]
1218		0               0               [1.00]
1219		0               0               [0.91]
1220		0               0               [0.98]
1221		0               0               [1.00]
1222		0               0               [1.00]
1223		0               0               [0.98]
1224		0               0               [0.84]
1225		0               0               [0.96]
1226		0               0               [0.94]
1227		0               0               [1.00]
1228		0               0               [0.96]
1229		0               0               [0.97]
1230		0               0               [1.00]
1231		0               0               [1.00]
1232		0               0               [0.97]
1233		0               0               [1.00]
1234		0               0               [0.98]
1235		0               0               [0.99]
1236		0               0               [0.98]
1237		0               0               [0.96]
1238		0               1               [0.98]
1239		0               0               [0.97]
1240		0               0               [0.95]
1241		0               0               [1.00]
1242		0               0               [0.98]
1243		0               0               [0.94]
1244		0               0               [0.97]
1245		0               1               [0.90]
1246		0               0               [0.96]
