Case		Given		Predicted
 No		Class		Class

   1		1               1               [0.96]
   2		1               1               [0.98]
   3		1               1               [0.94]
   4		1               1               [0.96]
   5		1               1               [0.94]
   6		1               0               [0.99]
   7		1               1               [0.92]
   8		1               1               [0.98]
   9		1               0               [1.00]
  10		1               1               [0.97]
  11		1               1               [0.97]
  12		1               1               [0.92]
  13		1               1               [0.92]
  14		1               1               [0.96]
  15		1               1               [0.90]
  16		1               0               [0.73]
  17		1               1               [0.86]
  18		1               1               [0.96]
  19		1               0               [0.97]
  20		1               1               [0.98]
  21		1               1               [0.69]
  22		1               1               [0.92]
  23		1               1               [0.92]
  24		1               0               [0.98]
  25		1               1               [0.92]
  26		1               1               [0.98]
  27		1               1               [0.97]
  28		1               0               [0.99]
  29		1               1               [0.96]
  30		1               1               [0.92]
  31		1               1               [0.98]
  32		1               1               [0.92]
  33		1               1               [0.98]
  34		1               1               [0.92]
  35		1               1               [0.97]
  36		1               1               [0.92]
  37		1               1               [0.92]
  38		1               1               [0.98]
  39		1               0               [0.71]
  40		1               1               [0.87]
  41		1               1               [0.95]
  42		1               1               [0.95]
  43		1               0               [0.84]
  44		1               0               [0.73]
  45		1               0               [0.84]
  46		1               1               [0.96]
  47		1               1               [0.92]
  48		1               1               [0.99]
  49		1               1               [0.97]
  50		1               1               [0.92]
  51		1               1               [0.92]
  52		1               1               [0.98]
  53		1               1               [0.80]
  54		1               1               [0.97]
  55		1               1               [0.98]
  56		1               1               [0.98]
  57		1               1               [0.98]
  58		1               1               [0.98]
  59		1               1               [0.98]
  60		1               1               [0.90]
  61		1               0               [0.95]
  62		1               0               [1.00]
  63		1               1               [0.98]
  64		1               1               [0.94]
  65		1               1               [0.97]
  66		1               1               [0.97]
  67		1               1               [0.92]
  68		1               0               [0.93]
  69		1               1               [0.98]
  70		1               1               [0.97]
  71		1               1               [0.99]
  72		1               0               [0.93]
  73		1               1               [0.96]
  74		1               1               [0.99]
  75		1               1               [0.97]
  76		1               1               [0.93]
  77		1               1               [0.97]
  78		1               0               [0.98]
  79		1               1               [0.99]
  80		1               1               [0.97]
  81		1               0               [1.00]
  82		1               0               [0.94]
  83		1               1               [0.97]
  84		1               0               [0.92]
  85		1               1               [0.98]
  86		1               1               [0.84]
  87		1               1               [0.84]
  88		1               1               [0.90]
  89		1               1               [0.84]
  90		1               1               [0.98]
  91		1               1               [0.98]
  92		1               1               [0.98]
  93		1               1               [0.98]
  94		1               0               [0.71]
  95		1               0               [0.73]
  96		1               1               [0.98]
  97		1               1               [0.99]
  98		1               1               [0.69]
  99		1               1               [0.84]
 100		1               1               [0.97]
 101		1               1               [0.98]
 102		1               0               [0.94]
 103		1               1               [0.84]
 104		1               1               [0.99]
 105		1               0               [0.94]
 106		1               1               [0.99]
 107		1               1               [0.90]
 108		1               0               [0.68]
 109		1               1               [0.98]
 110		1               0               [0.94]
 111		1               0               [0.96]
 112		1               1               [0.98]
 113		1               1               [0.69]
 114		1               0               [0.99]
 115		1               0               [0.88]
 116		1               1               [0.91]
 117		1               1               [0.99]
 118		1               1               [0.97]
 119		1               1               [0.94]
 120		1               0               [0.94]
 121		1               1               [0.99]
 122		1               0               [0.96]
 123		1               1               [0.82]
 124		1               0               [0.99]
 125		1               0               [0.97]
 126		1               1               [0.97]
 127		1               0               [0.73]
 128		1               1               [0.98]
 129		1               0               [0.97]
 130		1               1               [0.98]
 131		1               1               [0.96]
 132		1               1               [0.98]
 133		1               0               [1.00]
 134		1               0               [0.99]
 135		1               1               [0.94]
 136		1               1               [0.98]
 137		1               0               [0.99]
 138		1               1               [0.96]
 139		1               1               [0.98]
 140		1               1               [0.84]
 141		1               0               [0.94]
 142		1               0               [0.97]
 143		1               1               [0.99]
 144		1               1               [0.98]
 145		1               0               [0.94]
 146		1               1               [0.89]
 147		1               0               [0.93]
 148		1               1               [0.96]
 149		1               1               [0.93]
 150		1               1               [0.90]
 151		1               0               [1.00]
 152		1               1               [0.92]
 153		1               1               [0.98]
 154		1               1               [0.98]
 155		1               1               [0.98]
 156		1               0               [0.94]
 157		1               1               [0.99]
 158		1               1               [0.98]
 159		1               1               [0.99]
 160		1               0               [0.73]
 161		1               1               [0.99]
 162		1               1               [0.98]
 163		1               1               [0.96]
 164		1               1               [0.97]
 165		1               0               [0.94]
 166		1               1               [0.96]
 167		1               0               [0.98]
 168		1               1               [0.98]
 169		1               0               [0.99]
 170		1               1               [0.98]
 171		1               0               [0.72]
 172		1               1               [0.95]
 173		1               0               [1.00]
 174		1               0               [0.97]
 175		1               1               [0.94]
 176		1               1               [0.93]
 177		1               0               [0.98]
 178		1               1               [0.98]
 179		1               1               [0.98]
 180		1               0               [1.00]
 181		1               1               [0.98]
 182		1               0               [0.89]
 183		1               1               [0.92]
 184		1               0               [0.99]
 185		1               1               [0.86]
 186		1               1               [0.96]
 187		1               1               [0.98]
 188		1               1               [0.96]
 189		1               0               [0.98]
 190		1               0               [0.95]
 191		1               1               [0.94]
 192		1               0               [0.97]
 193		1               1               [0.99]
 194		1               1               [0.96]
 195		1               1               [0.98]
 196		1               1               [0.82]
 197		1               1               [0.91]
 198		1               1               [0.96]
 199		1               1               [0.96]
 200		1               1               [0.84]
 201		1               0               [0.97]
 202		1               0               [0.89]
 203		1               1               [0.98]
 204		1               1               [0.82]
 205		1               1               [0.98]
 206		1               1               [0.83]
 207		1               1               [0.92]
 208		1               0               [1.00]
 209		1               0               [0.94]
 210		1               0               [0.86]
 211		1               0               [0.95]
 212		1               0               [0.90]
 213		1               1               [0.92]
 214		1               1               [0.97]
 215		1               1               [0.98]
 216		1               0               [0.88]
 217		1               1               [0.98]
 218		1               1               [0.99]
 219		1               1               [0.96]
 220		1               1               [0.96]
 221		1               0               [1.00]
 222		1               1               [0.90]
 223		1               1               [0.89]
 224		1               1               [0.96]
 225		1               0               [0.97]
 226		1               1               [0.90]
 227		1               0               [0.94]
 228		1               1               [0.98]
 229		1               1               [0.98]
 230		1               1               [0.99]
 231		1               1               [0.92]
 232		1               1               [0.95]
 233		1               1               [0.96]
 234		1               1               [0.96]
 235		1               1               [0.98]
 236		1               1               [0.96]
 237		1               0               [0.84]
 238		1               1               [0.98]
 239		1               1               [0.95]
 240		1               1               [0.96]
 241		1               1               [0.98]
 242		1               1               [0.97]
 243		1               1               [0.96]
 244		1               1               [0.96]
 245		1               1               [0.98]
 246		1               0               [0.95]
 247		1               1               [0.97]
 248		1               0               [0.98]
 249		1               1               [0.80]
 250		1               1               [0.96]
 251		1               1               [0.93]
 252		1               0               [1.00]
 253		1               1               [0.96]
 254		1               1               [0.96]
 255		1               0               [0.94]
 256		1               1               [0.98]
 257		1               0               [1.00]
 258		1               0               [0.96]
 259		1               1               [0.92]
 260		1               0               [0.94]
 261		1               0               [0.94]
 262		1               1               [0.99]
 263		1               0               [0.92]
 264		1               1               [0.96]
 265		1               1               [0.93]
 266		1               1               [0.97]
 267		1               1               [0.98]
 268		1               1               [0.89]
 269		1               1               [0.90]
 270		1               1               [0.96]
 271		1               1               [0.96]
 272		1               1               [0.96]
 273		1               0               [0.98]
 274		1               1               [0.80]
 275		1               0               [0.88]
 276		1               1               [0.97]
 277		1               1               [0.96]
 278		1               1               [0.96]
 279		1               1               [0.98]
 280		1               1               [0.94]
 281		1               0               [0.96]
 282		1               1               [0.96]
 283		1               1               [0.97]
 284		1               1               [0.97]
 285		1               1               [0.97]
 286		1               1               [0.99]
 287		1               1               [0.90]
 288		1               0               [0.94]
 289		1               1               [0.98]
 290		1               1               [0.98]
 291		1               1               [0.96]
 292		1               0               [1.00]
 293		1               1               [0.84]
 294		1               0               [0.99]
 295		1               0               [0.94]
 296		1               1               [0.94]
 297		1               1               [0.97]
 298		1               0               [1.00]
 299		1               1               [0.98]
 300		1               1               [0.98]
 301		1               1               [0.91]
 302		1               1               [0.86]
 303		1               1               [0.98]
 304		1               1               [0.96]
 305		1               1               [0.90]
 306		1               1               [0.96]
 307		1               1               [0.96]
 308		1               1               [0.98]
 309		1               0               [0.94]
 310		1               1               [0.96]
 311		1               1               [0.98]
 312		1               1               [0.98]
 313		1               1               [0.93]
 314		1               1               [0.96]
 315		1               0               [0.86]
 316		1               1               [0.97]
 317		1               0               [0.84]
 318		1               1               [0.97]
 319		1               1               [0.98]
 320		1               0               [0.94]
 321		1               1               [0.96]
 322		1               0               [0.96]
 323		1               0               [0.95]
 324		1               0               [0.98]
 325		1               1               [0.98]
 326		1               1               [0.97]
 327		1               1               [0.86]
 328		1               1               [0.99]
 329		1               0               [0.94]
 330		1               0               [0.94]
 331		1               1               [0.96]
 332		1               0               [0.94]
 333		1               1               [0.92]
 334		1               0               [0.98]
 335		1               0               [0.99]
 336		1               1               [0.90]
 337		1               1               [0.98]
 338		1               0               [0.94]
 339		1               0               [0.94]
 340		1               1               [0.97]
 341		1               1               [0.99]
 342		1               1               [0.96]
 343		1               0               [0.94]
 344		1               1               [0.98]
 345		1               0               [0.94]
 346		1               1               [0.98]
 347		1               1               [0.95]
 348		1               0               [0.73]
 349		1               1               [0.96]
 350		1               1               [0.97]
 351		1               0               [0.99]
 352		1               0               [0.93]
 353		1               0               [0.93]
 354		1               1               [0.92]
 355		1               1               [0.87]
 356		0               0               [0.97]
 357		0               0               [0.95]
 358		0               0               [0.99]
 359		0               1               [0.96]
 360		0               0               [0.95]
 361		0               0               [0.99]
 362		0               0               [0.98]
 363		0               0               [0.93]
 364		0               0               [0.95]
 365		0               0               [0.97]
 366		0               0               [0.99]
 367		0               0               [0.93]
 368		0               0               [0.89]
 369		0               0               [0.99]
 370		0               0               [0.99]
 371		0               0               [0.99]
 372		0               0               [0.99]
 373		0               1               [0.58]
 374		0               0               [0.99]
 375		0               0               [0.98]
 376		0               1               [0.94]
 377		0               0               [0.98]
 378		0               0               [1.00]
 379		0               0               [0.99]
 380		0               0               [0.95]
 381		0               0               [0.94]
 382		0               1               [0.95]
 383		0               0               [0.72]
 384		0               0               [0.94]
 385		0               0               [0.94]
 386		0               0               [0.93]
 387		0               0               [0.98]
 388		0               0               [0.98]
 389		0               0               [0.98]
 390		0               1               [0.92]
 391		0               1               [0.92]
 392		0               0               [0.98]
 393		0               0               [0.99]
 394		0               0               [0.99]
 395		0               0               [0.99]
 396		0               0               [0.99]
 397		0               0               [0.99]
 398		0               0               [0.99]
 399		0               0               [0.98]
 400		0               0               [0.94]
 401		0               1               [0.80]
 402		0               0               [0.89]
 403		0               0               [0.89]
 404		0               0               [0.98]
 405		0               0               [0.99]
 406		0               0               [0.93]
 407		0               0               [0.99]
 408		0               0               [0.98]
 409		0               0               [0.99]
 410		0               1               [0.99]
 411		0               0               [0.99]
 412		0               0               [0.98]
 413		0               1               [0.90]
 414		0               0               [0.99]
 415		0               0               [0.99]
 416		0               0               [0.95]
 417		0               0               [0.94]
 418		0               0               [0.99]
 419		0               0               [0.99]
 420		0               0               [0.92]
 421		0               0               [0.97]
 422		0               0               [0.99]
 423		0               1               [0.80]
 424		0               0               [0.98]
 425		0               0               [0.97]
 426		0               0               [0.89]
 427		0               1               [0.91]
 428		0               0               [0.97]
 429		0               0               [0.98]
 430		0               0               [0.86]
 431		0               0               [0.99]
 432		0               0               [0.99]
 433		0               0               [0.97]
 434		0               0               [0.89]
 435		0               0               [0.97]
 436		0               0               [0.98]
 437		0               0               [0.99]
 438		0               0               [0.99]
 439		0               0               [0.99]
 440		0               0               [0.95]
 441		0               0               [0.97]
 442		0               0               [0.89]
 443		0               0               [0.97]
 444		0               0               [0.93]
 445		0               0               [0.99]
 446		0               1               [0.87]
 447		0               0               [0.90]
 448		0               0               [0.98]
 449		0               1               [0.94]
 450		0               0               [0.98]
 451		0               0               [0.94]
 452		0               0               [0.99]
 453		0               1               [0.94]
 454		0               0               [0.99]
 455		0               0               [0.99]
 456		0               1               [0.96]
 457		0               0               [0.99]
 458		0               0               [0.97]
 459		0               1               [0.99]
 460		0               1               [0.87]
 461		0               0               [0.99]
 462		0               0               [0.98]
 463		0               0               [0.97]
 464		0               1               [0.90]
 465		0               0               [0.97]
 466		0               1               [0.99]
 467		0               0               [0.99]
 468		0               0               [0.99]
 469		0               0               [0.98]
 470		0               1               [0.95]
 471		0               0               [0.93]
 472		0               0               [0.99]
 473		0               0               [0.89]
 474		0               0               [0.99]
 475		0               0               [0.98]
 476		0               0               [0.95]
 477		0               1               [0.96]
 478		0               1               [0.96]
 479		0               1               [0.91]
 480		0               1               [0.92]
 481		0               0               [0.94]
 482		0               0               [0.98]
 483		0               0               [0.98]
 484		0               0               [0.99]
 485		0               0               [0.98]
 486		0               1               [0.98]
 487		0               1               [0.58]
 488		0               1               [0.89]
 489		0               0               [0.93]
 490		0               1               [0.99]
 491		0               0               [0.94]
 492		0               0               [0.99]
 493		0               0               [0.93]
 494		0               0               [0.99]
 495		0               0               [0.99]
 496		0               0               [0.95]
 497		0               1               [0.58]
 498		0               0               [0.93]
 499		0               0               [0.93]
 500		0               0               [0.95]
 501		0               0               [0.89]
 502		0               0               [0.94]
 503		0               0               [0.99]
 504		0               0               [1.00]
 505		0               0               [0.94]
 506		0               0               [0.94]
 507		0               0               [0.97]
 508		0               0               [0.95]
 509		0               0               [0.99]
 510		0               0               [0.84]
 511		0               0               [0.99]
 512		0               0               [0.99]
 513		0               0               [0.86]
 514		0               0               [0.97]
 515		0               0               [0.73]
 516		0               1               [0.99]
 517		0               0               [0.93]
 518		0               0               [0.90]
 519		0               0               [0.99]
 520		0               1               [0.91]
 521		0               0               [0.99]
 522		0               0               [0.97]
 523		0               0               [1.00]
 524		0               0               [0.71]
 525		0               0               [0.99]
 526		0               0               [0.97]
 527		0               0               [0.99]
 528		0               0               [0.98]
 529		0               0               [0.99]
 530		0               0               [0.93]
 531		0               0               [0.93]
 532		0               0               [0.93]
 533		0               1               [0.97]
 534		0               0               [0.99]
 535		0               1               [0.97]
 536		0               0               [0.96]
 537		0               0               [0.94]
 538		0               0               [0.96]
 539		0               1               [0.88]
 540		0               0               [1.00]
 541		0               0               [0.92]
 542		0               0               [0.93]
 543		0               0               [0.94]
 544		0               0               [0.94]
 545		0               0               [0.99]
 546		0               0               [0.98]
 547		0               0               [0.94]
 548		0               0               [0.99]
 549		0               0               [0.97]
 550		0               1               [0.92]
 551		0               1               [0.95]
 552		0               0               [0.89]
 553		0               1               [0.92]
 554		0               0               [0.99]
 555		0               0               [0.98]
 556		0               0               [0.97]
 557		0               1               [0.95]
 558		0               0               [0.93]
 559		0               0               [0.98]
 560		0               0               [0.94]
 561		0               1               [0.99]
 562		0               0               [0.88]
 563		0               0               [0.95]
 564		0               0               [0.97]
 565		0               0               [0.97]
 566		0               0               [0.97]
 567		0               1               [0.58]
 568		0               0               [0.97]
 569		0               1               [0.99]
 570		0               0               [0.99]
 571		0               0               [1.00]
 572		0               0               [0.98]
 573		0               0               [0.95]
 574		0               0               [0.99]
 575		0               1               [0.95]
 576		0               0               [0.94]
 577		0               0               [0.96]
 578		0               0               [0.94]
 579		0               0               [0.99]
 580		0               0               [0.99]
 581		0               0               [0.89]
 582		0               0               [0.99]
 583		0               0               [0.93]
 584		0               0               [0.99]
 585		0               0               [0.99]
 586		0               0               [0.94]
 587		0               0               [0.99]
 588		0               0               [0.94]
 589		0               1               [0.98]
 590		0               0               [0.93]
 591		0               0               [0.89]
 592		0               0               [0.91]
 593		0               0               [0.97]
 594		0               0               [0.97]
 595		0               0               [0.98]
 596		0               0               [0.73]
 597		0               0               [0.98]
 598		0               1               [0.95]
 599		0               1               [0.92]
 600		0               0               [0.97]
 601		0               0               [0.99]
 602		0               0               [0.89]
 603		0               0               [0.98]
 604		0               0               [0.99]
 605		0               0               [0.72]
 606		0               0               [0.89]
 607		0               0               [0.97]
 608		0               0               [0.99]
 609		0               0               [0.99]
 610		0               0               [0.99]
 611		0               1               [0.84]
 612		0               0               [0.99]
 613		0               0               [0.97]
 614		0               1               [0.92]
 615		0               0               [0.94]
 616		0               1               [0.98]
 617		0               0               [0.94]
 618		0               1               [0.95]
 619		0               1               [0.92]
 620		0               0               [0.97]
 621		0               0               [0.86]
 622		0               0               [0.86]
 623		0               0               [0.99]
 624		0               0               [0.96]
 625		0               0               [1.00]
 626		0               0               [0.94]
 627		0               0               [0.94]
 628		0               0               [0.99]
 629		0               0               [0.99]
 630		0               0               [0.97]
 631		0               0               [0.99]
 632		0               0               [1.00]
 633		0               1               [0.97]
 634		0               0               [0.72]
 635		0               0               [0.95]
 636		0               0               [0.99]
 637		0               0               [0.99]
 638		0               0               [0.98]
 639		0               1               [0.97]
 640		0               0               [0.95]
 641		0               1               [0.97]
 642		0               0               [0.94]
 643		0               0               [0.94]
 644		0               0               [0.97]
 645		0               0               [0.99]
 646		0               0               [0.93]
 647		0               0               [0.94]
 648		0               0               [0.90]
 649		0               0               [0.93]
 650		0               0               [1.00]
 651		0               1               [0.99]
 652		0               0               [0.89]
 653		0               1               [0.99]
 654		0               1               [0.98]
 655		0               0               [0.95]
 656		0               1               [0.89]
 657		0               0               [0.99]
 658		0               0               [0.99]
 659		0               1               [0.89]
 660		0               1               [0.95]
 661		0               0               [0.94]
 662		0               0               [0.99]
 663		0               0               [0.97]
 664		0               0               [0.97]
 665		0               0               [0.99]
 666		0               0               [0.99]
 667		0               0               [0.99]
 668		0               0               [0.99]
 669		0               1               [0.82]
 670		0               1               [0.89]
 671		0               0               [0.95]
 672		0               1               [0.84]
 673		0               0               [0.96]
 674		0               0               [0.94]
 675		0               0               [0.97]
 676		0               0               [0.93]
 677		0               0               [0.97]
 678		0               0               [0.93]
 679		0               0               [0.97]
 680		0               0               [0.94]
 681		0               1               [0.85]
 682		0               0               [0.99]
 683		0               0               [0.94]
 684		0               0               [0.99]
 685		0               0               [0.93]
 686		0               0               [0.99]
 687		0               0               [0.99]
 688		0               0               [0.99]
 689		0               0               [0.99]
 690		0               0               [0.94]
 691		0               0               [0.94]
 692		0               0               [0.93]
 693		0               0               [0.94]
 694		0               0               [0.89]
 695		0               1               [0.89]
 696		0               0               [0.99]
 697		0               0               [0.99]
 698		0               0               [0.93]
 699		0               0               [0.94]
 700		0               1               [0.92]
 701		0               0               [0.99]
 702		0               0               [1.00]
 703		0               0               [0.97]
 704		0               1               [0.92]
 705		0               0               [0.94]
 706		0               0               [0.99]
 707		0               1               [0.84]
 708		0               1               [0.92]
 709		0               0               [0.95]
 710		0               0               [0.99]
 711		0               0               [0.93]
 712		0               0               [0.99]
 713		0               0               [0.94]
 714		0               0               [0.89]
 715		0               0               [0.99]
 716		0               0               [0.98]
 717		0               0               [0.99]
 718		0               0               [0.94]
 719		0               1               [0.96]
 720		0               1               [0.84]
 721		0               0               [0.99]
 722		0               0               [0.99]
 723		0               0               [0.94]
 724		0               0               [0.97]
 725		0               0               [0.94]
 726		0               0               [0.99]
 727		0               1               [0.82]
 728		0               0               [0.95]
 729		0               0               [0.89]
 730		0               0               [0.99]
 731		0               0               [0.97]
 732		0               0               [0.95]
 733		0               0               [0.99]
 734		0               0               [0.93]
 735		0               1               [0.95]
 736		0               0               [0.99]
 737		0               0               [0.94]
 738		0               0               [0.99]
 739		0               0               [0.99]
 740		0               0               [0.99]
 741		0               0               [0.97]
 742		0               0               [0.99]
 743		0               0               [0.99]
 744		0               0               [0.99]
 745		0               0               [0.97]
 746		0               0               [0.93]
 747		0               0               [0.93]
 748		0               0               [0.99]
 749		0               0               [0.99]
 750		0               0               [0.94]
 751		0               0               [0.99]
 752		0               0               [0.98]
 753		0               0               [0.93]
 754		0               0               [0.89]
 755		0               0               [0.89]
 756		0               0               [0.94]
 757		0               0               [0.99]
 758		0               0               [0.99]
 759		0               1               [0.91]
 760		0               0               [1.00]
 761		0               1               [0.94]
 762		0               0               [1.00]
 763		0               0               [0.93]
 764		0               0               [0.99]
 765		0               1               [0.98]
 766		0               0               [0.99]
 767		0               1               [0.69]
 768		0               0               [0.99]
 769		0               0               [0.97]
 770		0               0               [0.84]
 771		0               0               [0.94]
 772		0               0               [0.94]
 773		0               0               [0.93]
 774		0               0               [0.99]
 775		0               1               [0.94]
 776		0               0               [0.99]
 777		0               0               [0.99]
 778		0               0               [0.94]
 779		0               0               [0.99]
 780		0               0               [0.94]
 781		0               0               [0.99]
 782		0               1               [0.96]
 783		0               0               [0.99]
 784		0               0               [0.99]
 785		0               0               [0.93]
 786		0               0               [0.94]
 787		0               0               [0.98]
 788		0               0               [0.94]
 789		0               0               [0.94]
 790		0               0               [1.00]
 791		0               0               [0.89]
 792		0               0               [0.95]
 793		0               0               [0.99]
 794		0               0               [0.89]
 795		0               0               [0.94]
 796		0               0               [0.99]
 797		0               0               [0.94]
 798		0               0               [0.99]
 799		0               0               [0.99]
 800		0               0               [0.98]
 801		0               1               [0.92]
 802		0               0               [0.92]
 803		0               0               [0.99]
 804		0               0               [0.97]
 805		0               0               [0.99]
 806		0               0               [0.94]
 807		0               0               [0.94]
 808		0               0               [0.99]
 809		0               0               [0.97]
 810		0               1               [0.96]
 811		0               0               [0.99]
 812		0               1               [0.58]
 813		0               0               [0.93]
 814		0               0               [0.94]
 815		0               0               [0.94]
 816		0               1               [0.95]
 817		0               0               [0.99]
 818		0               1               [0.88]
 819		0               0               [0.99]
 820		0               0               [0.99]
 821		0               0               [0.99]
 822		0               0               [0.94]
 823		0               0               [0.99]
 824		0               0               [0.99]
 825		0               0               [0.99]
 826		0               0               [0.99]
 827		0               0               [0.97]
 828		0               1               [0.94]
 829		0               0               [0.99]
 830		0               0               [0.99]
 831		0               0               [0.94]
 832		0               1               [0.94]
 833		0               0               [0.94]
 834		0               0               [0.97]
 835		0               0               [0.89]
 836		0               1               [0.69]
 837		0               0               [0.94]
 838		0               0               [0.99]
 839		0               0               [0.99]
 840		0               0               [0.84]
 841		0               0               [0.95]
 842		0               1               [0.92]
 843		0               1               [0.92]
 844		0               0               [0.99]
 845		0               0               [0.94]
 846		0               0               [1.00]
 847		0               0               [0.93]
 848		0               0               [0.89]
 849		0               0               [0.99]
 850		0               0               [0.84]
 851		0               1               [0.99]
 852		0               0               [0.98]
 853		0               0               [0.89]
 854		0               0               [0.99]
 855		0               0               [0.99]
 856		0               0               [0.97]
 857		0               0               [0.99]
 858		0               0               [0.94]
 859		0               0               [0.99]
 860		0               0               [0.94]
 861		0               0               [0.89]
 862		0               0               [0.94]
 863		0               0               [0.93]
 864		0               0               [0.99]
 865		0               0               [0.99]
 866		0               0               [0.94]
 867		0               0               [0.99]
 868		0               0               [0.94]
 869		0               0               [0.99]
 870		0               0               [0.99]
 871		0               0               [0.94]
 872		0               0               [0.99]
 873		0               0               [0.94]
 874		0               0               [0.99]
 875		0               0               [0.93]
 876		0               1               [0.98]
 877		0               1               [0.91]
 878		0               0               [0.99]
 879		0               0               [0.99]
 880		0               1               [0.99]
 881		0               0               [0.97]
 882		0               0               [1.00]
 883		0               0               [0.97]
 884		0               0               [0.99]
 885		0               1               [0.86]
 886		0               1               [0.94]
 887		0               1               [0.90]
 888		0               0               [0.99]
 889		0               0               [0.94]
 890		0               1               [0.98]
 891		0               0               [0.96]
 892		0               0               [0.93]
 893		0               0               [0.99]
 894		0               0               [0.93]
 895		0               0               [0.73]
 896		0               0               [0.99]
 897		0               0               [0.99]
 898		0               0               [0.98]
 899		0               0               [0.89]
 900		0               0               [0.94]
 901		0               0               [0.99]
 902		0               0               [0.99]
 903		0               0               [0.99]
 904		0               0               [0.98]
 905		0               0               [0.99]
 906		0               0               [0.99]
 907		0               0               [0.99]
 908		0               0               [0.99]
 909		0               0               [0.93]
 910		0               0               [0.99]
 911		0               1               [0.99]
 912		0               0               [0.96]
 913		0               0               [0.93]
 914		0               0               [0.99]
 915		0               0               [0.99]
 916		0               0               [0.93]
 917		0               1               [0.94]
 918		0               0               [0.97]
 919		0               0               [0.99]
 920		0               0               [0.99]
 921		0               0               [0.93]
 922		0               0               [0.94]
 923		0               0               [0.99]
 924		0               0               [0.97]
 925		0               0               [0.99]
 926		0               1               [0.80]
 927		0               0               [0.93]
 928		0               0               [0.99]
 929		0               0               [0.95]
 930		0               0               [0.99]
 931		0               0               [0.96]
 932		0               0               [0.93]
 933		0               0               [0.94]
 934		0               0               [0.99]
 935		0               0               [0.94]
 936		0               0               [0.72]
 937		0               0               [0.99]
 938		0               0               [0.99]
 939		0               0               [0.94]
 940		0               0               [0.99]
 941		0               0               [0.94]
 942		0               0               [0.94]
 943		0               0               [0.98]
 944		0               0               [0.99]
 945		0               0               [0.93]
 946		0               0               [0.99]
 947		0               0               [0.94]
 948		0               0               [0.99]
 949		0               0               [0.96]
 950		0               1               [0.92]
 951		0               0               [0.97]
 952		0               0               [0.99]
 953		0               0               [0.99]
 954		0               0               [0.94]
 955		0               0               [0.99]
 956		0               0               [0.94]
 957		0               0               [0.99]
 958		0               0               [0.94]
 959		0               0               [0.99]
 960		0               1               [0.90]
 961		0               0               [0.99]
 962		0               0               [0.88]
 963		0               0               [0.97]
 964		0               0               [0.99]
 965		0               0               [1.00]
 966		0               0               [0.95]
 967		0               0               [0.99]
 968		0               0               [0.71]
 969		0               0               [0.93]
 970		0               0               [0.99]
 971		0               0               [0.94]
 972		0               0               [0.93]
 973		0               0               [0.99]
 974		0               0               [0.99]
 975		0               0               [0.93]
 976		0               0               [0.97]
 977		0               0               [0.94]
 978		0               0               [0.94]
 979		0               0               [0.94]
 980		0               0               [0.94]
 981		0               0               [0.99]
 982		0               0               [0.99]
 983		0               0               [0.84]
 984		0               1               [0.84]
 985		0               0               [0.89]
 986		0               0               [0.99]
 987		0               1               [0.69]
 988		0               0               [0.99]
 989		0               0               [0.99]
 990		0               0               [0.94]
 991		0               0               [0.99]
 992		0               0               [0.93]
 993		0               0               [0.97]
 994		0               0               [0.99]
 995		0               0               [0.99]
 996		0               0               [0.99]
 997		0               0               [0.99]
 998		0               1               [0.97]
 999		0               0               [0.94]
1000		0               0               [0.99]
1001		0               0               [0.72]
1002		0               0               [0.93]
1003		0               0               [0.97]
1004		0               0               [0.89]
1005		0               0               [0.94]
1006		0               1               [0.69]
1007		0               0               [0.94]
1008		0               1               [0.69]
1009		0               1               [0.99]
1010		0               0               [0.93]
1011		0               0               [0.93]
1012		0               0               [0.99]
1013		0               1               [0.97]
1014		0               0               [0.93]
1015		0               0               [0.97]
1016		0               0               [0.94]
1017		0               0               [0.91]
1018		0               0               [0.99]
1019		0               0               [0.84]
1020		0               0               [0.89]
1021		0               0               [0.99]
1022		0               0               [0.99]
1023		0               0               [0.94]
1024		0               0               [0.84]
1025		0               0               [0.99]
1026		0               0               [0.99]
1027		0               0               [0.89]
1028		0               1               [0.92]
1029		0               0               [0.99]
1030		0               0               [0.94]
1031		0               0               [0.95]
1032		0               1               [0.98]
1033		0               0               [0.97]
1034		0               1               [0.95]
1035		0               0               [0.94]
1036		0               0               [0.99]
1037		0               0               [0.99]
1038		0               0               [0.99]
1039		0               0               [0.99]
1040		0               0               [0.99]
1041		0               0               [0.94]
1042		0               0               [0.93]
1043		0               0               [0.99]
1044		0               0               [0.97]
1045		0               0               [0.99]
1046		0               0               [0.99]
1047		0               0               [0.99]
1048		0               0               [0.99]
1049		0               0               [0.99]
1050		0               0               [0.93]
1051		0               0               [0.94]
1052		0               0               [0.99]
1053		0               0               [0.99]
1054		0               0               [0.99]
1055		0               0               [0.99]
1056		0               0               [0.93]
1057		0               1               [0.97]
1058		0               0               [0.99]
1059		0               0               [0.73]
1060		0               0               [0.93]
1061		0               1               [0.92]
1062		0               0               [0.94]
1063		0               0               [0.94]
1064		0               0               [0.94]
1065		0               0               [0.99]
1066		0               0               [0.99]
1067		0               0               [0.94]
1068		0               0               [0.98]
1069		0               0               [0.99]
1070		0               0               [0.99]
1071		0               1               [0.90]
1072		0               0               [0.93]
1073		0               0               [0.99]
1074		0               0               [0.99]
1075		0               0               [0.94]
1076		0               1               [0.98]
1077		0               0               [0.95]
1078		0               0               [0.97]
1079		0               0               [0.99]
1080		0               0               [0.99]
1081		0               1               [0.84]
1082		0               0               [0.93]
1083		0               0               [0.94]
1084		0               0               [0.93]
1085		0               0               [0.99]
1086		0               0               [0.94]
1087		0               0               [1.00]
1088		0               0               [1.00]
1089		0               0               [0.94]
1090		0               0               [0.99]
1091		0               0               [0.93]
1092		0               0               [0.94]
1093		0               0               [0.71]
1094		0               0               [0.99]
1095		0               0               [0.99]
1096		0               0               [0.89]
1097		0               1               [0.97]
1098		0               1               [0.94]
1099		0               0               [0.89]
1100		0               0               [0.99]
1101		0               0               [0.99]
1102		0               0               [0.97]
1103		0               1               [0.69]
1104		0               1               [0.99]
1105		0               0               [0.99]
1106		0               0               [0.71]
1107		0               0               [0.84]
1108		0               0               [0.99]
1109		0               0               [0.93]
1110		0               0               [0.99]
1111		0               0               [0.98]
1112		0               0               [0.93]
1113		0               0               [0.97]
1114		0               0               [0.93]
1115		0               0               [0.98]
1116		0               0               [0.94]
1117		0               0               [0.99]
1118		0               0               [0.99]
1119		0               1               [0.83]
1120		0               0               [0.94]
1121		0               0               [0.94]
1122		0               0               [1.00]
1123		0               0               [0.94]
1124		0               0               [0.99]
1125		0               1               [0.99]
1126		0               0               [0.94]
1127		0               0               [0.99]
1128		0               0               [0.99]
1129		0               0               [0.94]
1130		0               1               [0.96]
1131		0               1               [0.84]
1132		0               0               [0.99]
1133		0               0               [0.99]
1134		0               0               [0.99]
1135		0               0               [0.99]
1136		0               0               [0.91]
1137		0               0               [0.99]
1138		0               0               [0.99]
1139		0               1               [0.95]
1140		0               0               [0.94]
1141		0               0               [0.89]
1142		0               0               [0.99]
1143		0               0               [0.99]
1144		0               0               [0.99]
1145		0               0               [0.94]
1146		0               1               [0.98]
1147		0               0               [0.99]
1148		0               0               [0.99]
1149		0               0               [0.99]
1150		0               0               [1.00]
1151		0               0               [0.99]
1152		0               0               [0.99]
1153		0               0               [0.94]
1154		0               0               [0.99]
1155		0               0               [0.99]
1156		0               1               [0.96]
1157		0               0               [1.00]
1158		0               0               [0.93]
1159		0               0               [0.99]
1160		0               0               [0.99]
1161		0               1               [0.90]
1162		0               0               [1.00]
1163		0               0               [0.89]
1164		0               0               [0.99]
1165		0               0               [0.94]
1166		0               0               [0.99]
1167		0               0               [0.71]
1168		0               0               [0.99]
1169		0               0               [0.94]
1170		0               0               [0.99]
1171		0               0               [0.99]
1172		0               0               [0.94]
1173		0               0               [0.99]
1174		0               0               [1.00]
1175		0               0               [0.97]
1176		0               0               [0.99]
1177		0               0               [0.98]
1178		0               0               [0.91]
1179		0               0               [0.94]
1180		0               1               [0.96]
1181		0               0               [0.99]
1182		0               0               [0.89]
1183		0               0               [0.99]
1184		0               0               [0.93]
1185		0               0               [0.94]
1186		0               1               [0.97]
1187		0               0               [0.94]
1188		0               0               [0.99]
1189		0               0               [0.92]
1190		0               0               [0.99]
1191		0               0               [0.99]
1192		0               0               [0.99]
1193		0               0               [0.93]
1194		0               0               [0.89]
1195		0               0               [0.99]
1196		0               0               [0.97]
1197		0               0               [0.99]
1198		0               0               [0.86]
1199		0               1               [0.93]
1200		0               0               [0.96]
1201		0               1               [0.94]
1202		0               0               [0.96]
1203		0               0               [0.92]
1204		0               1               [0.94]
1205		0               0               [0.99]
1206		0               0               [0.93]
1207		0               0               [0.97]
1208		0               1               [0.91]
1209		0               0               [0.97]
1210		0               0               [0.97]
1211		0               0               [0.96]
1212		0               0               [0.99]
1213		0               0               [0.94]
1214		0               0               [0.97]
1215		0               0               [0.94]
1216		0               1               [0.82]
1217		0               0               [0.94]
1218		0               0               [0.72]
1219		0               1               [0.97]
1220		0               0               [0.94]
1221		0               0               [0.94]
1222		0               0               [0.93]
1223		0               1               [0.98]
1224		0               1               [0.89]
1225		0               0               [0.99]
1226		0               0               [0.94]
1227		0               0               [0.89]
1228		0               0               [0.99]
1229		0               0               [0.94]
1230		0               0               [0.94]
1231		0               0               [0.99]
1232		0               0               [0.99]
1233		0               0               [0.99]
1234		0               0               [0.93]
1235		0               0               [0.99]
1236		0               0               [0.93]
1237		0               0               [0.99]
1238		0               0               [0.99]
1239		0               0               [0.94]
1240		0               0               [0.94]
1241		0               0               [0.97]
1242		0               0               [0.89]
1243		0               1               [0.93]
1244		0               0               [0.94]
1245		0               1               [0.94]
1246		0               0               [0.99]
