Case		Given		Predicted
 No		Class		Class

   1		1               1               [0.89]
   2		1               1               [0.92]
   3		1               1               [0.96]
   4		1               1               [0.92]
   5		1               1               [0.96]
   6		1               1               [0.92]
   7		1               1               [0.92]
   8		1               1               [0.95]
   9		1               1               [0.92]
  10		1               1               [0.89]
  11		1               1               [0.89]
  12		1               0               [0.90]
  13		1               1               [0.89]
  14		1               1               [0.89]
  15		1               1               [0.71]
  16		1               0               [0.98]
  17		1               1               [0.71]
  18		1               1               [0.92]
  19		1               0               [0.97]
  20		1               1               [0.95]
  21		1               1               [0.92]
  22		1               1               [0.89]
  23		1               1               [0.89]
  24		1               0               [0.82]
  25		1               1               [0.89]
  26		1               1               [0.95]
  27		1               1               [0.97]
  28		1               0               [0.97]
  29		1               1               [0.92]
  30		1               1               [0.92]
  31		1               1               [0.95]
  32		1               1               [0.92]
  33		1               1               [0.97]
  34		1               1               [0.89]
  35		1               1               [0.97]
  36		1               1               [0.96]
  37		1               0               [0.90]
  38		1               1               [0.95]
  39		1               0               [0.87]
  40		1               0               [0.86]
  41		1               1               [0.92]
  42		1               1               [0.92]
  43		1               1               [0.86]
  44		1               0               [0.73]
  45		1               1               [0.92]
  46		1               1               [0.92]
  47		1               1               [0.92]
  48		1               0               [0.97]
  49		1               1               [0.95]
  50		1               1               [0.89]
  51		1               1               [0.96]
  52		1               1               [0.95]
  53		1               1               [0.95]
  54		1               1               [0.95]
  55		1               1               [0.95]
  56		1               1               [0.86]
  57		1               1               [0.92]
  58		1               1               [0.92]
  59		1               1               [0.92]
  60		1               0               [0.95]
  61		1               0               [0.82]
  62		1               1               [0.57]
  63		1               1               [0.95]
  64		1               1               [0.92]
  65		1               0               [0.90]
  66		1               0               [0.90]
  67		1               1               [0.96]
  68		1               0               [0.97]
  69		1               1               [0.92]
  70		1               0               [0.88]
  71		1               1               [0.86]
  72		1               0               [0.82]
  73		1               1               [0.92]
  74		1               1               [0.89]
  75		1               1               [0.92]
  76		1               1               [0.92]
  77		1               1               [0.92]
  78		1               0               [1.00]
  79		1               1               [0.89]
  80		1               1               [0.91]
  81		1               1               [0.92]
  82		1               0               [0.96]
  83		1               1               [0.92]
  84		1               1               [0.89]
  85		1               1               [0.95]
  86		1               1               [0.92]
  87		1               1               [0.92]
  88		1               0               [0.82]
  89		1               1               [0.92]
  90		1               1               [0.95]
  91		1               1               [0.95]
  92		1               0               [0.82]
  93		1               0               [0.82]
  94		1               1               [0.94]
  95		1               1               [0.86]
  96		1               1               [0.98]
  97		1               1               [0.89]
  98		1               0               [0.91]
  99		1               1               [0.83]
 100		1               0               [0.73]
 101		1               1               [0.98]
 102		1               1               [0.92]
 103		1               1               [0.71]
 104		1               0               [0.90]
 105		1               1               [0.71]
 106		1               1               [0.92]
 107		1               0               [0.98]
 108		1               1               [0.92]
 109		1               1               [0.92]
 110		1               1               [0.71]
 111		1               1               [0.92]
 112		1               1               [0.71]
 113		1               1               [0.71]
 114		1               1               [0.97]
 115		1               0               [0.97]
 116		1               0               [0.90]
 117		1               1               [0.92]
 118		1               1               [0.98]
 119		1               1               [0.92]
 120		1               0               [0.88]
 121		1               1               [0.92]
 122		1               1               [0.92]
 123		1               1               [0.92]
 124		1               1               [0.97]
 125		1               1               [0.96]
 126		1               1               [0.71]
 127		1               1               [0.71]
 128		1               1               [0.95]
 129		1               0               [0.63]
 130		1               1               [0.92]
 131		1               1               [0.92]
 132		1               1               [0.83]
 133		1               1               [0.92]
 134		1               1               [0.98]
 135		1               1               [0.71]
 136		1               0               [0.90]
 137		1               1               [0.71]
 138		1               1               [0.97]
 139		1               1               [0.92]
 140		1               1               [0.92]
 141		1               1               [0.92]
 142		1               1               [0.92]
 143		1               0               [0.90]
 144		1               1               [0.95]
 145		1               1               [0.92]
 146		1               1               [0.92]
 147		1               1               [0.57]
 148		1               1               [0.92]
 149		1               0               [0.87]
 150		1               1               [0.92]
 151		1               1               [0.92]
 152		1               0               [0.90]
 153		1               1               [0.97]
 154		1               1               [0.94]
 155		1               1               [0.95]
 156		1               0               [0.97]
 157		1               1               [0.71]
 158		1               1               [0.71]
 159		1               1               [0.92]
 160		1               0               [0.90]
 161		1               1               [0.89]
 162		1               1               [0.94]
 163		1               1               [0.92]
 164		1               1               [0.88]
 165		1               1               [0.71]
 166		1               1               [0.92]
 167		1               0               [0.97]
 168		1               1               [0.92]
 169		1               0               [0.97]
 170		1               1               [0.92]
 171		1               0               [0.87]
 172		1               1               [0.86]
 173		1               1               [0.97]
 174		1               0               [0.97]
 175		1               1               [0.71]
 176		1               1               [0.95]
 177		1               1               [0.92]
 178		1               1               [0.92]
 179		1               1               [0.92]
 180		1               1               [0.92]
 181		1               1               [0.92]
 182		1               1               [0.92]
 183		1               1               [0.92]
 184		1               1               [0.91]
 185		1               1               [0.83]
 186		1               1               [0.92]
 187		1               1               [0.95]
 188		1               1               [0.92]
 189		1               0               [0.63]
 190		1               0               [0.91]
 191		1               1               [0.92]
 192		1               0               [0.63]
 193		1               1               [0.91]
 194		1               1               [0.98]
 195		1               1               [0.71]
 196		1               1               [0.83]
 197		1               1               [0.92]
 198		1               1               [0.92]
 199		1               1               [0.92]
 200		1               1               [0.92]
 201		1               0               [0.63]
 202		1               1               [0.88]
 203		1               1               [0.98]
 204		1               0               [0.88]
 205		1               1               [0.92]
 206		1               1               [0.92]
 207		1               1               [0.92]
 208		1               1               [0.92]
 209		1               0               [0.88]
 210		1               0               [0.97]
 211		1               1               [0.92]
 212		1               1               [0.71]
 213		1               1               [0.95]
 214		1               1               [0.92]
 215		1               1               [0.95]
 216		1               0               [0.90]
 217		1               1               [0.92]
 218		1               0               [0.98]
 219		1               1               [0.92]
 220		1               1               [0.92]
 221		1               1               [0.92]
 222		1               1               [0.92]
 223		1               1               [0.92]
 224		1               0               [0.98]
 225		1               1               [0.83]
 226		1               1               [0.89]
 227		1               0               [0.97]
 228		1               1               [0.95]
 229		1               0               [0.97]
 230		1               1               [0.86]
 231		1               0               [0.88]
 232		1               0               [0.73]
 233		1               1               [0.92]
 234		1               1               [0.92]
 235		1               1               [0.92]
 236		1               1               [0.92]
 237		1               1               [0.86]
 238		1               1               [0.92]
 239		1               1               [0.92]
 240		1               1               [0.92]
 241		1               1               [0.95]
 242		1               1               [0.89]
 243		1               1               [0.86]
 244		1               1               [0.91]
 245		1               0               [0.96]
 246		1               1               [0.86]
 247		1               1               [0.92]
 248		1               0               [0.92]
 249		1               1               [0.98]
 250		1               1               [0.92]
 251		1               1               [0.92]
 252		1               1               [0.98]
 253		1               1               [0.92]
 254		1               1               [0.92]
 255		1               1               [0.89]
 256		1               1               [0.95]
 257		1               1               [0.92]
 258		1               0               [0.86]
 259		1               1               [0.92]
 260		1               0               [0.82]
 261		1               0               [0.82]
 262		1               0               [0.73]
 263		1               1               [0.91]
 264		1               1               [0.92]
 265		1               1               [0.91]
 266		1               1               [0.96]
 267		1               1               [0.98]
 268		1               1               [0.92]
 269		1               1               [0.83]
 270		1               1               [0.92]
 271		1               1               [0.92]
 272		1               1               [0.92]
 273		1               0               [0.90]
 274		1               1               [0.97]
 275		1               1               [0.86]
 276		1               1               [0.95]
 277		1               1               [0.92]
 278		1               1               [0.92]
 279		1               1               [0.71]
 280		1               0               [0.88]
 281		1               1               [0.92]
 282		1               1               [0.92]
 283		1               1               [0.92]
 284		1               1               [0.92]
 285		1               1               [0.92]
 286		1               1               [0.91]
 287		1               1               [0.92]
 288		1               0               [0.97]
 289		1               1               [0.92]
 290		1               1               [0.86]
 291		1               1               [0.92]
 292		1               1               [0.92]
 293		1               0               [0.82]
 294		1               0               [0.97]
 295		1               1               [0.89]
 296		1               0               [0.88]
 297		1               1               [0.89]
 298		1               1               [0.92]
 299		1               1               [0.86]
 300		1               0               [0.97]
 301		1               1               [0.89]
 302		1               1               [0.83]
 303		1               1               [0.95]
 304		1               1               [0.92]
 305		1               0               [0.82]
 306		1               1               [0.92]
 307		1               1               [0.92]
 308		1               1               [0.98]
 309		1               1               [0.97]
 310		1               1               [0.92]
 311		1               1               [0.92]
 312		1               0               [0.73]
 313		1               1               [0.96]
 314		1               1               [0.89]
 315		1               1               [0.92]
 316		1               0               [0.88]
 317		1               1               [0.92]
 318		1               1               [0.92]
 319		1               0               [0.63]
 320		1               0               [0.97]
 321		1               1               [0.92]
 322		1               1               [0.71]
 323		1               0               [0.63]
 324		1               0               [1.00]
 325		1               1               [0.82]
 326		1               1               [0.71]
 327		1               1               [0.71]
 328		1               0               [0.97]
 329		1               1               [0.97]
 330		1               1               [0.96]
 331		1               1               [0.92]
 332		1               0               [0.97]
 333		1               1               [0.71]
 334		1               1               [0.98]
 335		1               1               [0.95]
 336		1               1               [0.92]
 337		1               1               [0.95]
 338		1               1               [0.86]
 339		1               1               [0.92]
 340		1               1               [0.71]
 341		1               1               [0.92]
 342		1               1               [0.92]
 343		1               1               [0.92]
 344		1               1               [0.95]
 345		1               0               [0.97]
 346		1               0               [0.73]
 347		1               0               [0.90]
 348		1               1               [0.92]
 349		1               1               [0.92]
 350		1               1               [0.86]
 351		1               1               [0.86]
 352		1               1               [0.92]
 353		1               0               [0.88]
 354		1               1               [0.86]
 355		1               0               [0.86]
 356		0               1               [0.91]
 357		0               0               [0.92]
 358		0               0               [0.92]
 359		0               0               [0.97]
 360		0               0               [0.92]
 361		0               0               [0.91]
 362		0               0               [0.97]
 363		0               0               [0.97]
 364		0               0               [0.97]
 365		0               0               [0.97]
 366		0               0               [0.97]
 367		0               0               [0.97]
 368		0               0               [0.97]
 369		0               0               [0.97]
 370		0               0               [0.97]
 371		0               0               [0.97]
 372		0               0               [0.97]
 373		0               0               [0.97]
 374		0               0               [0.97]
 375		0               0               [0.87]
 376		0               0               [0.97]
 377		0               1               [0.71]
 378		0               0               [0.97]
 379		0               0               [0.97]
 380		0               0               [0.97]
 381		0               0               [0.97]
 382		0               1               [0.95]
 383		0               0               [0.97]
 384		0               0               [0.97]
 385		0               0               [0.97]
 386		0               0               [0.97]
 387		0               0               [0.87]
 388		0               0               [0.87]
 389		0               0               [0.97]
 390		0               0               [0.87]
 391		0               0               [0.92]
 392		0               1               [0.92]
 393		0               0               [1.00]
 394		0               0               [0.97]
 395		0               0               [0.97]
 396		0               0               [0.97]
 397		0               0               [0.97]
 398		0               0               [0.97]
 399		0               0               [0.97]
 400		0               0               [0.90]
 401		0               0               [0.86]
 402		0               1               [0.83]
 403		0               0               [0.97]
 404		0               0               [0.97]
 405		0               0               [0.91]
 406		0               0               [0.97]
 407		0               0               [0.97]
 408		0               0               [0.87]
 409		0               0               [0.97]
 410		0               0               [0.97]
 411		0               0               [0.97]
 412		0               0               [0.91]
 413		0               0               [0.63]
 414		0               0               [0.97]
 415		0               0               [0.88]
 416		0               0               [0.97]
 417		0               0               [1.00]
 418		0               0               [0.97]
 419		0               0               [0.97]
 420		0               0               [0.97]
 421		0               0               [0.97]
 422		0               0               [0.91]
 423		0               0               [0.97]
 424		0               0               [0.87]
 425		0               0               [0.97]
 426		0               0               [0.97]
 427		0               1               [0.71]
 428		0               0               [0.97]
 429		0               0               [0.86]
 430		0               1               [0.86]
 431		0               0               [0.97]
 432		0               0               [0.90]
 433		0               0               [0.92]
 434		0               0               [0.91]
 435		0               1               [0.83]
 436		0               0               [0.97]
 437		0               0               [0.97]
 438		0               0               [0.97]
 439		0               0               [0.97]
 440		0               0               [0.97]
 441		0               0               [0.92]
 442		0               0               [0.97]
 443		0               0               [0.97]
 444		0               0               [0.97]
 445		0               0               [0.97]
 446		0               0               [0.92]
 447		0               0               [0.87]
 448		0               0               [0.97]
 449		0               0               [0.92]
 450		0               0               [0.97]
 451		0               0               [0.97]
 452		0               0               [0.97]
 453		0               0               [1.00]
 454		0               0               [0.97]
 455		0               0               [0.97]
 456		0               0               [0.97]
 457		0               0               [0.97]
 458		0               0               [0.97]
 459		0               0               [0.92]
 460		0               0               [0.97]
 461		0               0               [0.97]
 462		0               0               [0.97]
 463		0               0               [0.97]
 464		0               0               [0.91]
 465		0               1               [0.91]
 466		0               0               [0.97]
 467		0               0               [0.97]
 468		0               0               [0.97]
 469		0               0               [0.87]
 470		0               0               [0.97]
 471		0               0               [0.97]
 472		0               0               [0.90]
 473		0               0               [0.97]
 474		0               0               [0.91]
 475		0               1               [0.94]
 476		0               0               [0.97]
 477		0               1               [0.92]
 478		0               0               [0.88]
 479		0               0               [0.63]
 480		0               1               [0.86]
 481		0               1               [0.97]
 482		0               0               [0.97]
 483		0               0               [0.91]
 484		0               0               [0.97]
 485		0               0               [0.97]
 486		0               1               [0.71]
 487		0               0               [0.97]
 488		0               0               [0.97]
 489		0               0               [0.97]
 490		0               0               [0.97]
 491		0               0               [0.97]
 492		0               0               [0.97]
 493		0               0               [0.97]
 494		0               0               [0.97]
 495		0               0               [0.97]
 496		0               0               [0.97]
 497		0               0               [0.92]
 498		0               0               [0.97]
 499		0               0               [0.97]
 500		0               0               [0.97]
 501		0               0               [0.97]
 502		0               0               [0.91]
 503		0               0               [0.97]
 504		0               0               [0.63]
 505		0               0               [0.97]
 506		0               0               [0.97]
 507		0               0               [0.97]
 508		0               0               [0.97]
 509		0               0               [0.97]
 510		0               0               [0.92]
 511		0               0               [0.97]
 512		0               0               [0.97]
 513		0               0               [0.88]
 514		0               0               [0.97]
 515		0               0               [0.63]
 516		0               0               [0.97]
 517		0               1               [0.86]
 518		0               0               [0.82]
 519		0               0               [0.97]
 520		0               0               [0.97]
 521		0               0               [0.97]
 522		0               0               [0.91]
 523		0               0               [0.97]
 524		0               0               [0.97]
 525		0               0               [0.97]
 526		0               0               [0.97]
 527		0               0               [0.88]
 528		0               0               [0.97]
 529		0               0               [0.97]
 530		0               0               [0.97]
 531		0               0               [0.97]
 532		0               0               [0.97]
 533		0               0               [0.97]
 534		0               0               [0.97]
 535		0               0               [0.97]
 536		0               0               [0.97]
 537		0               0               [0.97]
 538		0               0               [0.97]
 539		0               0               [0.97]
 540		0               1               [0.89]
 541		0               0               [0.86]
 542		0               0               [0.97]
 543		0               0               [0.82]
 544		0               0               [0.98]
 545		0               0               [0.97]
 546		0               1               [0.71]
 547		0               0               [0.97]
 548		0               0               [0.97]
 549		0               1               [0.94]
 550		0               1               [0.92]
 551		0               0               [0.88]
 552		0               0               [0.97]
 553		0               0               [0.91]
 554		0               0               [0.97]
 555		0               0               [0.97]
 556		0               0               [0.97]
 557		0               0               [0.97]
 558		0               0               [0.97]
 559		0               0               [0.97]
 560		0               0               [0.97]
 561		0               0               [0.90]
 562		0               0               [0.97]
 563		0               0               [0.97]
 564		0               0               [0.97]
 565		0               0               [0.97]
 566		0               0               [0.97]
 567		0               0               [0.63]
 568		0               0               [0.97]
 569		0               0               [0.97]
 570		0               0               [0.97]
 571		0               1               [0.91]
 572		0               0               [0.63]
 573		0               0               [0.92]
 574		0               0               [0.97]
 575		0               0               [0.97]
 576		0               0               [0.90]
 577		0               0               [0.92]
 578		0               0               [0.97]
 579		0               0               [0.90]
 580		0               0               [0.97]
 581		0               0               [0.97]
 582		0               0               [0.97]
 583		0               0               [0.97]
 584		0               0               [0.97]
 585		0               0               [0.88]
 586		0               0               [0.90]
 587		0               0               [0.88]
 588		0               0               [0.98]
 589		0               1               [0.86]
 590		0               0               [0.97]
 591		0               0               [0.92]
 592		0               0               [0.97]
 593		0               0               [0.63]
 594		0               0               [0.97]
 595		0               0               [0.97]
 596		0               0               [0.92]
 597		0               0               [0.97]
 598		0               1               [0.95]
 599		0               0               [0.92]
 600		0               1               [0.91]
 601		0               0               [0.97]
 602		0               0               [0.97]
 603		0               0               [0.97]
 604		0               0               [0.88]
 605		0               0               [0.97]
 606		0               0               [0.97]
 607		0               0               [0.97]
 608		0               0               [0.97]
 609		0               0               [0.97]
 610		0               0               [0.97]
 611		0               0               [0.97]
 612		0               0               [0.91]
 613		0               0               [0.97]
 614		0               0               [0.87]
 615		0               0               [0.90]
 616		0               0               [0.87]
 617		0               0               [0.97]
 618		0               1               [0.86]
 619		0               0               [0.86]
 620		0               0               [0.86]
 621		0               1               [0.71]
 622		0               0               [0.86]
 623		0               0               [0.97]
 624		0               0               [0.97]
 625		0               0               [0.97]
 626		0               0               [0.97]
 627		0               0               [0.97]
 628		0               0               [0.97]
 629		0               0               [0.97]
 630		0               0               [0.92]
 631		0               0               [0.97]
 632		0               0               [0.92]
 633		0               0               [0.82]
 634		0               0               [0.88]
 635		0               0               [0.97]
 636		0               0               [0.97]
 637		0               0               [0.97]
 638		0               0               [0.90]
 639		0               0               [0.97]
 640		0               0               [0.97]
 641		0               0               [0.97]
 642		0               0               [0.97]
 643		0               0               [0.97]
 644		0               0               [0.97]
 645		0               1               [0.92]
 646		0               0               [0.97]
 647		0               0               [0.97]
 648		0               0               [0.90]
 649		0               0               [0.97]
 650		0               1               [0.82]
 651		0               1               [0.92]
 652		0               0               [0.97]
 653		0               1               [0.95]
 654		0               1               [0.98]
 655		0               1               [0.96]
 656		0               0               [0.97]
 657		0               0               [0.97]
 658		0               0               [0.97]
 659		0               0               [0.97]
 660		0               0               [0.82]
 661		0               0               [0.97]
 662		0               0               [0.97]
 663		0               0               [0.97]
 664		0               0               [0.97]
 665		0               0               [1.00]
 666		0               0               [0.97]
 667		0               0               [0.97]
 668		0               0               [0.97]
 669		0               0               [0.82]
 670		0               1               [0.86]
 671		0               0               [0.97]
 672		0               1               [0.89]
 673		0               0               [0.97]
 674		0               0               [0.97]
 675		0               0               [0.97]
 676		0               0               [0.97]
 677		0               0               [0.90]
 678		0               0               [0.97]
 679		0               0               [0.97]
 680		0               0               [0.97]
 681		0               0               [0.97]
 682		0               0               [0.97]
 683		0               0               [0.91]
 684		0               0               [0.91]
 685		0               0               [0.97]
 686		0               0               [0.97]
 687		0               0               [0.97]
 688		0               0               [0.97]
 689		0               0               [0.97]
 690		0               0               [0.88]
 691		0               0               [0.97]
 692		0               0               [0.97]
 693		0               0               [0.97]
 694		0               0               [0.97]
 695		0               1               [0.89]
 696		0               0               [0.97]
 697		0               0               [0.97]
 698		0               0               [0.97]
 699		0               1               [0.97]
 700		0               0               [0.63]
 701		0               0               [1.00]
 702		0               0               [0.92]
 703		0               0               [0.97]
 704		0               1               [0.92]
 705		0               0               [0.63]
 706		0               0               [0.97]
 707		0               0               [0.88]
 708		0               0               [0.73]
 709		0               0               [0.97]
 710		0               0               [0.97]
 711		0               0               [0.97]
 712		0               0               [0.97]
 713		0               0               [0.97]
 714		0               0               [0.97]
 715		0               0               [0.97]
 716		0               0               [0.97]
 717		0               0               [0.97]
 718		0               0               [0.97]
 719		0               0               [0.91]
 720		0               0               [0.97]
 721		0               0               [0.97]
 722		0               0               [0.97]
 723		0               0               [0.97]
 724		0               0               [0.97]
 725		0               0               [0.97]
 726		0               1               [0.92]
 727		0               0               [0.91]
 728		0               0               [0.97]
 729		0               0               [0.91]
 730		0               0               [0.97]
 731		0               0               [0.90]
 732		0               0               [0.97]
 733		0               0               [0.97]
 734		0               0               [0.97]
 735		0               1               [0.92]
 736		0               0               [0.97]
 737		0               0               [0.97]
 738		0               0               [0.97]
 739		0               0               [0.97]
 740		0               0               [0.97]
 741		0               0               [0.97]
 742		0               1               [0.91]
 743		0               0               [0.88]
 744		0               0               [0.97]
 745		0               0               [0.97]
 746		0               0               [0.97]
 747		0               0               [0.97]
 748		0               0               [0.97]
 749		0               0               [0.97]
 750		0               0               [0.97]
 751		0               0               [0.97]
 752		0               0               [0.97]
 753		0               0               [0.97]
 754		0               0               [0.97]
 755		0               0               [0.97]
 756		0               0               [0.97]
 757		0               0               [0.97]
 758		0               0               [0.97]
 759		0               0               [0.97]
 760		0               0               [0.97]
 761		0               0               [0.97]
 762		0               0               [0.97]
 763		0               0               [0.97]
 764		0               0               [0.97]
 765		0               0               [0.91]
 766		0               0               [0.97]
 767		0               0               [0.97]
 768		0               0               [0.97]
 769		0               0               [0.97]
 770		0               0               [0.97]
 771		0               1               [0.92]
 772		0               0               [0.97]
 773		0               0               [0.97]
 774		0               0               [0.97]
 775		0               0               [0.97]
 776		0               0               [0.97]
 777		0               0               [0.97]
 778		0               0               [0.97]
 779		0               0               [0.90]
 780		0               0               [0.97]
 781		0               0               [0.97]
 782		0               1               [0.92]
 783		0               0               [0.97]
 784		0               0               [0.97]
 785		0               0               [0.97]
 786		0               0               [0.97]
 787		0               0               [0.97]
 788		0               0               [0.97]
 789		0               1               [0.91]
 790		0               0               [0.97]
 791		0               0               [0.90]
 792		0               0               [0.96]
 793		0               0               [0.97]
 794		0               0               [0.91]
 795		0               0               [0.97]
 796		0               0               [0.97]
 797		0               0               [0.97]
 798		0               0               [0.97]
 799		0               0               [0.97]
 800		0               0               [0.97]
 801		0               1               [0.86]
 802		0               0               [0.97]
 803		0               0               [0.97]
 804		0               0               [0.97]
 805		0               0               [0.97]
 806		0               0               [0.97]
 807		0               0               [0.97]
 808		0               0               [0.88]
 809		0               0               [0.86]
 810		0               1               [0.92]
 811		0               0               [0.97]
 812		0               1               [0.97]
 813		0               0               [0.97]
 814		0               0               [0.97]
 815		0               0               [0.97]
 816		0               0               [0.88]
 817		0               0               [0.97]
 818		0               0               [0.97]
 819		0               0               [0.97]
 820		0               0               [0.97]
 821		0               0               [0.97]
 822		0               0               [0.97]
 823		0               0               [0.97]
 824		0               0               [0.97]
 825		0               0               [0.97]
 826		0               0               [0.91]
 827		0               0               [0.97]
 828		0               0               [0.97]
 829		0               0               [0.97]
 830		0               1               [0.71]
 831		0               0               [0.97]
 832		0               0               [0.91]
 833		0               0               [0.97]
 834		0               0               [0.63]
 835		0               0               [0.97]
 836		0               0               [0.91]
 837		0               1               [0.89]
 838		0               0               [0.97]
 839		0               0               [0.97]
 840		0               0               [0.97]
 841		0               0               [0.97]
 842		0               1               [0.71]
 843		0               0               [0.91]
 844		0               0               [0.97]
 845		0               0               [0.97]
 846		0               0               [0.92]
 847		0               0               [0.97]
 848		0               0               [0.97]
 849		0               0               [0.97]
 850		0               0               [0.97]
 851		0               0               [0.82]
 852		0               1               [0.92]
 853		0               0               [0.97]
 854		0               0               [0.91]
 855		0               0               [0.97]
 856		0               0               [0.97]
 857		0               0               [0.97]
 858		0               0               [0.97]
 859		0               0               [0.97]
 860		0               0               [0.97]
 861		0               0               [0.97]
 862		0               0               [0.97]
 863		0               0               [0.97]
 864		0               0               [0.97]
 865		0               0               [0.97]
 866		0               0               [0.97]
 867		0               0               [0.97]
 868		0               0               [0.97]
 869		0               0               [0.88]
 870		0               0               [0.97]
 871		0               0               [0.97]
 872		0               0               [0.97]
 873		0               0               [0.97]
 874		0               0               [0.97]
 875		0               0               [0.97]
 876		0               1               [0.92]
 877		0               0               [0.97]
 878		0               0               [0.97]
 879		0               0               [0.97]
 880		0               1               [0.89]
 881		0               0               [0.91]
 882		0               0               [0.97]
 883		0               0               [0.97]
 884		0               0               [0.97]
 885		0               1               [0.92]
 886		0               1               [0.71]
 887		0               0               [0.97]
 888		0               0               [0.91]
 889		0               0               [0.97]
 890		0               0               [0.82]
 891		0               0               [0.97]
 892		0               0               [0.97]
 893		0               0               [0.97]
 894		0               0               [0.97]
 895		0               0               [0.86]
 896		0               0               [0.97]
 897		0               0               [0.97]
 898		0               1               [0.86]
 899		0               0               [0.92]
 900		0               0               [0.97]
 901		0               0               [0.91]
 902		0               0               [0.88]
 903		0               0               [0.97]
 904		0               0               [0.86]
 905		0               0               [0.97]
 906		0               0               [0.97]
 907		0               0               [0.97]
 908		0               0               [0.97]
 909		0               0               [0.97]
 910		0               0               [0.97]
 911		0               0               [0.97]
 912		0               0               [0.97]
 913		0               0               [0.97]
 914		0               0               [0.97]
 915		0               0               [0.97]
 916		0               0               [0.97]
 917		0               0               [0.97]
 918		0               0               [0.97]
 919		0               0               [0.97]
 920		0               0               [0.97]
 921		0               0               [0.97]
 922		0               0               [0.97]
 923		0               0               [0.97]
 924		0               0               [0.88]
 925		0               1               [0.94]
 926		0               0               [0.97]
 927		0               0               [0.97]
 928		0               0               [0.97]
 929		0               0               [0.97]
 930		0               0               [0.97]
 931		0               0               [0.92]
 932		0               0               [0.97]
 933		0               0               [0.97]
 934		0               0               [0.97]
 935		0               1               [0.91]
 936		0               0               [0.97]
 937		0               0               [0.97]
 938		0               0               [0.97]
 939		0               0               [0.97]
 940		0               0               [0.97]
 941		0               0               [0.97]
 942		0               0               [0.97]
 943		0               0               [0.97]
 944		0               0               [0.97]
 945		0               0               [0.97]
 946		0               0               [0.97]
 947		0               0               [0.97]
 948		0               0               [0.97]
 949		0               0               [0.91]
 950		0               0               [0.97]
 951		0               0               [0.97]
 952		0               0               [0.97]
 953		0               0               [0.97]
 954		0               0               [1.00]
 955		0               0               [0.97]
 956		0               0               [0.90]
 957		0               0               [0.97]
 958		0               1               [0.89]
 959		0               0               [0.97]
 960		0               1               [0.86]
 961		0               0               [0.97]
 962		0               0               [0.97]
 963		0               0               [0.91]
 964		0               0               [0.97]
 965		0               0               [0.97]
 966		0               0               [0.97]
 967		0               0               [0.97]
 968		0               0               [0.88]
 969		0               0               [0.97]
 970		0               0               [0.97]
 971		0               0               [0.97]
 972		0               0               [0.97]
 973		0               0               [0.97]
 974		0               0               [0.97]
 975		0               0               [0.97]
 976		0               0               [0.97]
 977		0               0               [0.97]
 978		0               0               [0.97]
 979		0               0               [0.97]
 980		0               0               [0.97]
 981		0               0               [0.97]
 982		0               0               [0.97]
 983		0               0               [0.97]
 984		0               0               [0.97]
 985		0               0               [0.90]
 986		0               0               [0.97]
 987		0               0               [0.97]
 988		0               0               [0.97]
 989		0               0               [0.97]
 990		0               1               [0.71]
 991		0               0               [0.91]
 992		0               0               [0.97]
 993		0               0               [0.97]
 994		0               0               [0.90]
 995		0               0               [0.97]
 996		0               0               [0.97]
 997		0               0               [0.97]
 998		0               0               [0.82]
 999		0               1               [0.92]
1000		0               0               [0.97]
1001		0               0               [0.88]
1002		0               0               [0.97]
1003		0               0               [0.97]
1004		0               0               [0.97]
1005		0               0               [0.97]
1006		0               0               [0.97]
1007		0               0               [0.97]
1008		0               0               [0.97]
1009		0               0               [0.97]
1010		0               0               [0.97]
1011		0               0               [0.97]
1012		0               0               [0.97]
1013		0               0               [0.91]
1014		0               0               [0.97]
1015		0               0               [0.63]
1016		0               0               [0.97]
1017		0               0               [0.97]
1018		0               0               [0.97]
1019		0               0               [0.86]
1020		0               0               [0.91]
1021		0               0               [0.97]
1022		0               0               [0.97]
1023		0               1               [0.98]
1024		0               0               [0.97]
1025		0               0               [0.97]
1026		0               0               [0.97]
1027		0               0               [0.63]
1028		0               1               [0.86]
1029		0               0               [0.97]
1030		0               0               [0.97]
1031		0               0               [0.97]
1032		0               0               [0.63]
1033		0               0               [0.97]
1034		0               0               [0.97]
1035		0               0               [0.97]
1036		0               0               [0.91]
1037		0               0               [0.97]
1038		0               0               [0.97]
1039		0               0               [0.97]
1040		0               0               [0.97]
1041		0               0               [0.97]
1042		0               0               [0.97]
1043		0               0               [0.97]
1044		0               1               [0.89]
1045		0               0               [0.97]
1046		0               0               [0.97]
1047		0               0               [0.97]
1048		0               0               [0.97]
1049		0               0               [0.97]
1050		0               0               [0.97]
1051		0               0               [0.97]
1052		0               0               [0.97]
1053		0               0               [0.97]
1054		0               0               [0.97]
1055		0               0               [0.97]
1056		0               0               [0.97]
1057		0               0               [0.82]
1058		0               0               [0.97]
1059		0               1               [0.71]
1060		0               0               [0.97]
1061		0               0               [0.97]
1062		0               0               [0.90]
1063		0               0               [0.97]
1064		0               0               [0.97]
1065		0               0               [0.97]
1066		0               0               [0.97]
1067		0               0               [0.97]
1068		0               0               [0.97]
1069		0               0               [0.97]
1070		0               0               [0.97]
1071		0               1               [0.91]
1072		0               0               [0.97]
1073		0               0               [0.97]
1074		0               0               [0.97]
1075		0               0               [0.97]
1076		0               0               [0.82]
1077		0               0               [0.97]
1078		0               0               [0.97]
1079		0               0               [0.97]
1080		0               0               [0.97]
1081		0               0               [0.88]
1082		0               0               [0.97]
1083		0               0               [0.97]
1084		0               0               [0.97]
1085		0               0               [0.97]
1086		0               0               [0.97]
1087		0               0               [0.97]
1088		0               0               [0.97]
1089		0               0               [0.91]
1090		0               0               [0.97]
1091		0               0               [0.97]
1092		0               0               [0.97]
1093		0               0               [0.98]
1094		0               0               [0.97]
1095		0               0               [0.97]
1096		0               0               [0.97]
1097		0               1               [0.71]
1098		0               0               [0.97]
1099		0               0               [0.97]
1100		0               0               [0.97]
1101		0               0               [0.97]
1102		0               0               [0.91]
1103		0               0               [0.98]
1104		0               0               [0.97]
1105		0               0               [0.97]
1106		0               0               [0.97]
1107		0               0               [0.97]
1108		0               0               [0.90]
1109		0               0               [0.97]
1110		0               0               [0.97]
1111		0               0               [0.97]
1112		0               0               [0.97]
1113		0               0               [0.97]
1114		0               0               [0.97]
1115		0               0               [0.97]
1116		0               0               [0.97]
1117		0               0               [0.97]
1118		0               0               [0.97]
1119		0               0               [0.97]
1120		0               0               [0.98]
1121		0               0               [0.97]
1122		0               0               [0.88]
1123		0               0               [0.97]
1124		0               0               [0.97]
1125		0               0               [0.97]
1126		0               0               [0.97]
1127		0               0               [0.97]
1128		0               0               [0.97]
1129		0               0               [0.97]
1130		0               1               [0.92]
1131		0               1               [0.92]
1132		0               0               [0.97]
1133		0               0               [0.97]
1134		0               0               [0.97]
1135		0               1               [0.86]
1136		0               0               [0.97]
1137		0               0               [0.97]
1138		0               0               [0.97]
1139		0               0               [0.97]
1140		0               0               [0.97]
1141		0               0               [0.97]
1142		0               0               [0.97]
1143		0               0               [0.97]
1144		0               0               [0.97]
1145		0               0               [0.97]
1146		0               1               [0.92]
1147		0               0               [0.97]
1148		0               0               [0.91]
1149		0               0               [0.88]
1150		0               1               [0.83]
1151		0               0               [0.97]
1152		0               0               [0.97]
1153		0               0               [0.97]
1154		0               0               [0.97]
1155		0               0               [0.97]
1156		0               0               [0.97]
1157		0               0               [0.97]
1158		0               0               [0.97]
1159		0               0               [0.97]
1160		0               0               [0.97]
1161		0               0               [0.73]
1162		0               0               [0.97]
1163		0               0               [0.97]
1164		0               0               [0.97]
1165		0               0               [0.97]
1166		0               0               [0.97]
1167		0               0               [0.97]
1168		0               0               [0.97]
1169		0               1               [0.94]
1170		0               0               [0.97]
1171		0               0               [0.91]
1172		0               0               [0.90]
1173		0               0               [0.97]
1174		0               1               [0.71]
1175		0               0               [0.97]
1176		0               0               [0.97]
1177		0               0               [0.97]
1178		0               0               [0.86]
1179		0               0               [0.97]
1180		0               0               [0.97]
1181		0               0               [0.97]
1182		0               0               [0.97]
1183		0               0               [1.00]
1184		0               0               [0.97]
1185		0               0               [0.97]
1186		0               0               [0.88]
1187		0               0               [0.97]
1188		0               0               [0.97]
1189		0               1               [0.92]
1190		0               0               [0.97]
1191		0               0               [0.97]
1192		0               0               [0.97]
1193		0               0               [0.97]
1194		0               0               [0.97]
1195		0               0               [0.97]
1196		0               0               [0.97]
1197		0               0               [0.97]
1198		0               0               [0.88]
1199		0               0               [0.84]
1200		0               0               [0.97]
1201		0               1               [0.92]
1202		0               0               [0.97]
1203		0               0               [0.97]
1204		0               0               [0.82]
1205		0               0               [0.91]
1206		0               0               [0.97]
1207		0               0               [1.00]
1208		0               0               [1.00]
1209		0               0               [1.00]
1210		0               0               [1.00]
1211		0               1               [0.71]
1212		0               0               [0.97]
1213		0               0               [0.97]
1214		0               0               [0.97]
1215		0               0               [0.97]
1216		0               0               [0.97]
1217		0               0               [0.97]
1218		0               0               [0.97]
1219		0               1               [0.95]
1220		0               0               [0.97]
1221		0               1               [0.91]
1222		0               0               [0.97]
1223		0               0               [0.97]
1224		0               0               [0.97]
1225		0               0               [0.97]
1226		0               0               [0.97]
1227		0               0               [0.97]
1228		0               0               [0.97]
1229		0               0               [0.97]
1230		0               0               [0.97]
1231		0               0               [0.97]
1232		0               0               [0.97]
1233		0               0               [0.97]
1234		0               0               [0.97]
1235		0               0               [0.97]
1236		0               0               [0.97]
1237		0               0               [0.97]
1238		0               0               [0.98]
1239		0               0               [0.97]
1240		0               0               [0.97]
1241		0               0               [0.97]
1242		0               1               [0.92]
1243		0               0               [0.73]
1244		0               0               [0.88]
1245		0               1               [0.92]
1246		0               0               [0.97]
